   3.9649877e-01   3.8941390e-01   2.3168436e-01   2.4256354e-01   2.7959799e-01
   2.6661544e-01   3.2637209e-01   1.6185028e-01   2.4854127e-01   2.4119346e-01
   5.6347907e-01   4.2392274e-01   4.5627875e-01   3.0101483e-01   2.6383609e-01
   4.3810870e-01   4.6450209e-01   3.9730547e-01   2.9278781e-01   2.9642011e-01
   3.4260572e-01   3.8152453e-01   5.1460289e-01   2.9245510e-01   2.5858340e-01
   4.2505656e-01   5.7025103e-01   6.4098610e-01   4.6129333e-01   4.5130487e-01
   7.4340963e-01   4.9879087e-01   3.3373741e-01   4.5794918e-01   4.9194906e-01
   3.3761485e-01   4.8868685e-01   5.0574690e-01   3.7156217e-01   3.3856558e-01
   4.4539518e-01   5.3759534e-01   7.2313516e-01   4.6191947e-01   3.9284865e-01
   4.5768906e-01   5.6700185e-01   5.7808082e-01   4.8878956e-01   4.9914209e-01
   4.8058607e-01   5.2973490e-01   6.4769124e-01   5.0237469e-01   4.7088491e-01
   3.5214633e-01   4.9561084e-01   5.7136399e-01   5.1052341e-01   4.9143882e-01
   7.5866164e-01   6.6422548e-01   5.7157886e-01   6.5687089e-01   6.2452359e-01
   2.4834019e-01   4.3110048e-01   5.9079333e-01   4.0863197e-01   3.9032181e-01
   3.4053435e-01   5.5759474e-01   7.4408419e-01   5.8993789e-01   5.5400252e-01
   6.0300967e-01   7.7834807e-01   6.6475929e-01   7.2455404e-01   6.5569092e-01
   2.7634524e-01   3.7078987e-01   5.1460048e-01   3.6536390e-01   3.6844760e-01
   3.9985963e-01   5.8026110e-01   7.9886584e-01   5.8372324e-01   4.9972938e-01
   3.1452759e-01   3.9142051e-01   6.7900856e-01   4.4195435e-01   3.9791672e-01
   7.7002462e-01   5.5788435e-01   6.3927233e-01   5.2957404e-01   4.6855007e-01
   4.5169987e-01   5.8456359e-01   7.4773442e-01   5.6145810e-01   4.9017637e-01
   5.0673858e-01   5.3423772e-01   6.6526960e-01   5.0188773e-01   4.6176319e-01
   1.9319974e-01   3.2398164e-01   5.4244192e-01   3.3920531e-01   3.6328949e-01
   3.9114218e-01   4.2506533e-01   6.5090131e-01   4.4556226e-01   4.4314881e-01
   4.3275390e-01   5.7536777e-01   7.9252721e-01   6.4463452e-01   6.0685314e-01
   3.7093408e-01   4.9354001e-01   5.5305969e-01   5.5340850e-01   5.6541779e-01
   3.0539002e-01   4.7572083e-01   7.5542469e-01   5.0338177e-01   4.4363801e-01
   3.5772476e-01   4.1804640e-01   6.3652125e-01   5.6214621e-01   6.0323463e-01
   4.5957010e-01   4.6866930e-01   7.5293704e-01   4.8821246e-01   5.2044042e-01
   4.8196145e-01   5.4815514e-01   7.2345138e-01   6.7971868e-01   6.6818912e-01
   5.6081870e-01   4.8520056e-01   6.4910968e-01   6.3037904e-01   6.0388655e-01
   6.3713383e-01   5.9001941e-01   4.7652870e-01   5.0679989e-01   5.6453095e-01
   4.8464918e-01   7.2150369e-01   5.7592233e-01   5.5826466e-01   5.8146801e-01
   4.7395360e-01   5.5865812e-01   3.9876988e-01   4.0456138e-01   4.5398123e-01
   3.5767857e-01   2.8201575e-01   2.5306525e-01   2.0565396e-01   2.0570278e-01
   3.9344651e-01   2.5891137e-01   4.1442466e-01   2.2392657e-01   2.3337539e-01
   6.4508362e-01   6.3288430e-01   5.4998415e-01   5.5840180e-01   5.9490865e-01
   5.1920349e-01   5.4561994e-01   4.4374391e-01   3.7928267e-01   4.4438383e-01
   4.4022118e-01   3.0296317e-01   3.3176539e-01   2.8689150e-01   2.7156595e-01
   5.0254080e-01   3.8041516e-01   4.1836554e-01   3.5045811e-01   3.4521674e-01
   5.0943591e-01   3.7320496e-01   4.2602938e-01   3.6667114e-01   3.3372499e-01
   4.5937020e-01   4.6816371e-01   4.2451788e-01   4.4411163e-01   3.8385857e-01
   4.2829854e-01   4.4146898e-01   4.1633252e-01   4.0545821e-01   3.6307041e-01
   3.9613466e-01   3.8377612e-01   3.5928145e-01   3.9639865e-01   3.6926143e-01
   5.7782285e-01   5.6822030e-01   6.2289432e-01   5.0513830e-01   4.4312552e-01
   4.2635234e-01   4.7670886e-01   4.4992060e-01   3.7934132e-01   3.7335972e-01
   3.5561691e-01   3.7699570e-01   3.0654784e-01   3.2574219e-01   2.9356689e-01
   4.4689405e-01   4.3245721e-01   6.0408994e-01   4.1657064e-01   4.0824761e-01
   4.2436064e-01   2.5958101e-01   2.4617622e-01   2.8606260e-01   2.9728119e-01
   3.5446426e-01   4.8185191e-01   4.6729672e-01   3.7538783e-01   3.4160682e-01
   3.9798791e-01   3.8311764e-01   4.6634753e-01   4.2377027e-01   3.6412231e-01
   4.0924260e-01   4.5132254e-01   5.0515000e-01   4.4170805e-01   3.4963825e-01
   4.6262287e-01   4.2698373e-01   5.1973651e-01   4.7034279e-01   4.8690561e-01
   4.1188334e-01   3.8994186e-01   4.5730008e-01   4.7078452e-01   4.2672432e-01
   5.3975286e-01   4.0850554e-01   3.6702004e-01   4.6958593e-01   4.2847196e-01
   5.8928420e-01   5.0128529e-01   3.8287220e-01   5.4704938e-01   5.3638599e-01
   3.5208497e-01   4.4702182e-01   5.3134224e-01   4.0599660e-01   3.4560635e-01
   3.6137841e-01   3.0219906e-01   4.4255049e-01   4.8312780e-01   4.6143199e-01
   3.8739424e-01   3.2218410e-01   5.0191478e-01   4.2641243e-01   4.1421740e-01
   4.8225033e-01   4.5460428e-01   5.3792125e-01   5.7012926e-01   4.6719424e-01
   3.4466466e-01   3.8818837e-01   4.5545774e-01   3.9171446e-01   4.0684430e-01
   4.2695209e-01   5.3648999e-01   3.9136588e-01   5.6290370e-01   5.3590452e-01
   5.9888227e-01   5.6378312e-01   6.1289299e-01   6.4844239e-01   6.4257549e-01
   6.3401736e-01   6.3265658e-01   4.5772954e-01   6.5782518e-01   6.7111509e-01
   6.2302806e-01   5.1978707e-01   3.9881807e-01   6.0619734e-01   6.1377596e-01
   3.7174237e-01   4.1577300e-01   5.4820381e-01   5.3014065e-01   5.1151834e-01
   5.4475253e-01   4.1680359e-01   4.8600643e-01   5.3659531e-01   4.7623976e-01
   6.5373386e-01   5.9540269e-01   5.7286397e-01   7.0776764e-01   7.0851208e-01
   3.7194452e-01   2.8375892e-01   1.5145324e-01   1.3538607e-01   1.6915059e-01
   4.2657924e-01   4.0413460e-01   3.5653830e-01   2.7142570e-01   2.9086481e-01
   3.7991361e-01   4.5773142e-01   4.0707058e-01   3.7267083e-01   3.9594101e-01
   3.8955039e-01   4.9333802e-01   4.8528609e-01   5.4762581e-01   5.7644005e-01
   3.7311130e-01   4.9489763e-01   5.8073995e-01   6.0623339e-01   5.6518296e-01
   4.4191055e-01   4.3502657e-01   4.7497471e-01   5.3394833e-01   4.5671080e-01
   4.1993521e-01   5.5944999e-01   6.2016873e-01   6.7370601e-01   5.9050537e-01
   3.7661751e-01   4.5272031e-01   5.0088309e-01   4.1058201e-01   3.5148442e-01
   4.7218364e-01   4.7575774e-01   4.7200799e-01   5.0159565e-01   4.4265982e-01
   4.6565021e-01   5.0838128e-01   5.5882784e-01   6.5885699e-01   5.7375165e-01
   3.5137960e-01   3.8792618e-01   4.8249625e-01   4.3568933e-01   3.7928598e-01
   5.4331124e-01   5.6568811e-01   6.6165862e-01   6.4550021e-01   5.9377901e-01
   6.6376142e-01   4.8877536e-01   7.0797432e-01   6.4534960e-01   6.3968734e-01
   5.8694696e-01   3.9313448e-01   6.3188761e-01   6.4534960e-01   5.8428462e-01
   8.1510864e-01   7.6653789e-01   7.6470515e-01   8.7007885e-01   8.5452197e-01
   4.6068685e-01   3.9051844e-01   5.2268307e-01   5.8499111e-01   5.3223756e-01
   7.0503235e-01   5.4690730e-01   6.8088100e-01   7.2009850e-01   7.2517088e-01
   4.8048426e-01   4.4439303e-01   4.3718111e-01   4.2231493e-01   4.0413253e-01
   3.5185493e-01   4.4856414e-01   3.5409507e-01   4.4491389e-01   4.2030672e-01
   4.1443321e-01   3.7376741e-01   4.1549581e-01   4.0232200e-01   3.9780438e-01
   3.4974014e-01   4.0202310e-01   4.9831053e-01   3.9838997e-01   3.9504393e-01
   5.8273939e-01   4.6207622e-01   5.6491699e-01   4.3171367e-01   4.5057814e-01
   4.5239511e-01   4.6078291e-01   5.7084491e-01   4.2629082e-01   4.2220565e-01
   4.4169720e-01   4.1516050e-01   4.5175885e-01   3.4738602e-01   3.3209336e-01
   4.8014495e-01   4.6181720e-01   5.1376663e-01   4.7940104e-01   4.8159607e-01
   4.0170223e-01   4.2813063e-01   4.2137999e-01   4.5716922e-01   3.6987762e-01
   4.8959937e-01   4.4303491e-01   5.2028091e-01   5.3532122e-01   5.1560964e-01
   4.7613192e-01   5.5800045e-01   5.0614742e-01   5.4052820e-01   4.7552112e-01
   8.4230494e-01   7.4194032e-01   2.8051453e-01   8.5538417e-01   9.6519933e-01
   4.3999174e-01   4.3504410e-01   2.8109848e-01   2.9461884e-01   3.4855333e-01
   4.2643337e-01   4.6495519e-01   4.2640083e-01   4.5776194e-01   4.5325284e-01
   4.9167137e-01   5.3040812e-01   3.3022172e-01   4.4112329e-01   5.3897464e-01
   4.0443913e-01   2.0151046e-01   3.4895652e-01   2.1985961e-01   2.0855596e-01
   5.6513398e-01   2.8306569e-01   3.8662396e-01   2.9714660e-01   3.0134036e-01
   7.2749345e-01   3.5054841e-01   4.9938745e-01   4.1762684e-01   4.2711503e-01
   6.6929368e-01   3.3456848e-01   4.4904016e-01   3.3234561e-01   3.2926352e-01
   5.2069937e-01   5.0249818e-01   4.7054843e-01   4.3510747e-01   4.6446366e-01
   3.6093085e-01   3.4614802e-01   6.9841888e-01   4.6838861e-01   4.5078908e-01
   5.8877479e-01   4.4376384e-01   3.9807140e-01   5.0438980e-01   4.6162123e-01
   5.5066539e-01   4.0800314e-01   2.8179621e-01   4.1835160e-01   4.0480994e-01
   4.9651560e-01   3.6641917e-01   3.3065814e-01   4.2231493e-01   4.0066066e-01
   5.5204466e-01   4.5827437e-01   4.1292700e-01   5.0133610e-01   4.9879965e-01
   4.2802265e-01   2.7071817e-01   3.4249655e-01   4.9238719e-01   4.6993134e-01
   6.0942829e-01   5.4754132e-01   5.1783090e-01   7.3261990e-01   6.6915358e-01
   8.4480468e-01   7.1418522e-01   4.8667304e-01   7.6411773e-01   7.6655459e-01
   4.3711106e-01   4.3858125e-01   1.2592781e-01   2.5554192e-01   3.6840362e-01
   2.9040198e-01   2.8981108e-01   1.4207218e-01   2.3878555e-01   2.9186975e-01
   3.8729989e-01   3.8303708e-01   8.5949694e-02   2.8849513e-01   3.6835965e-01
   8.1533181e-01   6.1599997e-01   9.7357762e-02   4.0512930e-01   4.9696698e-01
   3.9629296e-01   3.8741706e-01   4.2355291e-01   3.8098461e-01   4.8405461e-01
   3.0464568e-01   2.2478477e-01   4.0564702e-02   1.5218982e-01   2.3544930e-01
   3.3150487e-01   3.0723247e-01   5.0955671e-02   2.0217522e-01   3.3994525e-01
   4.1204356e-01   3.6004930e-01   1.2844597e-01   2.2963798e-01   3.0747899e-01
   2.2660707e-01   7.5094062e-01   4.7640676e-02   1.0039969e-01   1.5744493e-01
   2.5263289e-01   2.5265202e-01   4.7386878e-02   1.0042543e-01   1.7327415e-01
   2.7940905e-01   2.5024884e-01   1.0214890e-01   2.5608562e-01   3.7724875e-01
   4.6922302e-01   6.3216451e-01   1.3715691e-01   5.9940897e-01   7.5568606e-01
   6.9187472e-01   7.0022274e-01   2.4572813e-01   5.7374487e-01   6.4818051e-01
   6.7113195e-01   6.0512336e-01   7.2224798e-01   7.9808253e-01   7.7687572e-01
   4.3864875e-01   3.9672994e-01   5.0652409e-01   5.9523133e-01   5.4949871e-01
   5.1911557e-01   4.7293129e-01   5.9773348e-01   6.7137488e-01   5.8569605e-01
   6.5700248e-01   6.5324090e-01   6.9736363e-01   8.1495559e-01   7.2401418e-01
   6.5728729e-01   7.2495084e-01   6.6443342e-01   8.4238153e-01   7.8029115e-01
   5.1807859e-01   5.2579739e-01   5.3121202e-01   5.9114317e-01   5.2534377e-01
   4.4291217e-01   5.3384117e-01   4.2026153e-01   4.4596381e-01   4.4695114e-01
   5.8111021e-01   2.8525263e-01   4.1095347e-01   2.5913311e-01   3.2161406e-01
   5.7378511e-01   4.8075648e-01   6.1461342e-01   4.9055478e-01   5.1062779e-01
   5.1406338e-01   5.7035528e-01   7.0571267e-01   5.9242103e-01   5.7593870e-01
   4.7951749e-01   4.5343760e-01   6.9516606e-01   4.7369159e-01   4.7475508e-01
   5.5893329e-01   4.8475254e-01   7.4040411e-01   5.7283970e-01   5.4972984e-01
   4.4033592e-01   3.9925205e-01   6.5864785e-01   4.7274281e-01   4.5770066e-01
   4.2846087e-01   4.2795087e-01   5.3500489e-01   4.6584058e-01   4.1533273e-01
   5.5964676e-01   4.3180280e-01   5.6168028e-01   3.6092818e-01   3.7992878e-01
   3.9689466e-01   4.1462093e-01   6.4892877e-01   4.9151882e-01   5.0259701e-01
   6.5570168e-01   4.6671299e-01   4.0349601e-01   3.2480916e-01   3.7930814e-01
   6.7683718e-01   7.3816326e-01   8.9451006e-01   7.9228560e-01   7.9997418e-01
   7.6383553e-01   7.6016198e-01   7.7106193e-01   9.2623074e-01   8.8316306e-01
   6.6050808e-01   4.4941703e-01   2.8156293e-01   5.1870210e-01   5.3524602e-01
   8.8701406e-01   5.6671615e-01   5.0579006e-01   5.8361766e-01   5.8117619e-01
   5.6248747e-01   5.0418343e-01   5.5125633e-01   5.6448943e-01   5.6411390e-01
   2.0980312e-01   2.0549327e-01   1.6257813e-01   1.7813791e-01   2.0128886e-01
   4.3488974e-01   4.2539229e-01   2.4655070e-01   2.4186141e-01   2.6769711e-01
   3.2609711e-01   4.6436104e-01   1.9758341e-01   2.3452983e-01   2.8382523e-01
   2.7366672e-01   3.4286864e-01   2.9927337e-01   2.9251055e-01   3.1251633e-01
   4.5188192e-01   5.7616834e-01   3.6218121e-01   4.3789682e-01   5.2049034e-01
   5.3055535e-01   6.1311793e-01   5.1357095e-01   5.0764797e-01   4.4275294e-01
   4.4755349e-01   3.1907794e-01   3.0113882e-01   2.3119574e-01   2.5246257e-01
   4.1433689e-01   4.7378383e-01   3.4791066e-01   3.0785437e-01   3.9466286e-01
   4.1065032e-01   3.7929606e-01   2.5395076e-01   2.8534453e-01   3.2695198e-01
   5.2286780e-01   4.7943129e-01   3.9737110e-01   4.2179989e-01   3.7492729e-01
   4.2038673e-01   3.9644022e-01   3.3039293e-01   4.2656444e-01   3.9562697e-01
   5.7808393e-01   5.7944126e-01   5.0441692e-01   6.5279833e-01   6.1383089e-01
   5.3087543e-01   4.6118312e-01   5.7175284e-01   5.6101108e-01   6.3610442e-01
   6.1002630e-01   5.9647550e-01   6.2945045e-01   7.0303993e-01   6.7900661e-01
   4.9730784e-01   5.2478060e-01   5.7356099e-01   6.3949557e-01   6.0445736e-01
   7.0286062e-01   5.2913806e-01   7.2183510e-01   7.1505379e-01   6.8016114e-01
   6.0450465e-01   5.1859419e-01   7.0512667e-01   7.3988184e-01   6.7343372e-01
   3.6052970e-01   4.9777520e-01   2.7632289e-01   4.5866721e-01   4.7358308e-01
   5.1823671e-01   2.3501521e-01   3.5329570e-01   2.6447759e-01   3.0684511e-01
   5.5517323e-01   7.1743156e-01   3.1969232e-01   6.9470138e-01   7.1373926e-01
   5.9427964e-01   5.3340881e-01   1.3652816e-01   4.5265565e-01   4.7133814e-01
   4.6605222e-01   5.4989412e-01   5.0265094e-01   5.5600461e-01   5.4521963e-01
   6.1139741e-01   5.4724132e-01   6.8252316e-01   5.4309110e-01   5.4614052e-01
   5.0300833e-01   4.0225858e-01   4.2578778e-01   3.9233609e-01   3.6528468e-01
   6.2377219e-01   6.8677472e-01   6.3694120e-01   6.9374460e-01   6.8509307e-01
   7.5569753e-01   5.8465188e-01   3.7785558e-01   5.4657492e-01   5.2566981e-01
   5.0271393e-01   4.7764038e-01   5.1075094e-01   4.7441952e-01   4.7604808e-01
   4.5873741e-01   5.6750018e-01   6.8498080e-01   6.1747760e-01   6.9429122e-01
   5.3089321e-01   4.6026837e-01   3.5808148e-01   5.0016889e-01   4.6802658e-01
   6.9380538e-01   5.3784753e-01   7.5773289e-01   5.8576675e-01   5.8213155e-01
   5.9094640e-01   4.7794997e-01   7.7034192e-01   5.7639564e-01   5.8876585e-01
   4.9434851e-01   4.2433792e-01   6.8095610e-01   5.7200491e-01   5.7388326e-01
   5.1107504e-01   5.8044513e-01   6.5147608e-01   6.1518128e-01   6.1561806e-01
   3.7822552e-01   4.2351693e-01   5.3568323e-01   4.7600360e-01   4.6053349e-01
   6.5592512e-01   5.0655800e-01   8.2110622e-01   5.5799044e-01   6.3391103e-01
   5.5366228e-01   5.1923981e-01   6.9942528e-01   5.8527309e-01   5.6596594e-01
   5.5970166e-01   4.5517506e-01   5.2461221e-01   4.6320413e-01   4.5687572e-01
   5.8279562e-01   6.0545961e-01   5.9172304e-01   6.4316856e-01   6.2327375e-01
   5.2408621e-01   4.3169710e-01   6.5575409e-01   5.0084961e-01   4.8685723e-01
   7.2488595e-01   5.1481667e-01   6.3256760e-01   5.9142699e-01   6.1191014e-01
   6.9028687e-01   6.1610689e-01   4.9283525e-01   5.9057579e-01   6.4251877e-01
   7.8082239e-01   7.3472493e-01   6.3785862e-01   7.3962887e-01   6.8649472e-01
   6.0442792e-01   6.5001955e-01   6.0639364e-01   6.8360664e-01   6.0478369e-01
   8.5767086e-01   8.3498116e-01   5.8941611e-01   8.4999896e-01   8.5174569e-01
   8.4879109e-01   6.5557612e-01   5.7313298e-01   6.0526053e-01   5.9736087e-01
   6.1451417e-01   6.6852498e-01   7.7988563e-01   8.0337477e-01   7.0930937e-01
   8.6395251e-01   7.1221834e-01   6.1846468e-01   8.2941745e-01   8.2668969e-01
   7.6383553e-01   7.4666532e-01   5.0414154e-01   7.2534043e-01   6.8562959e-01
   7.6981440e-01   6.5050402e-01   4.3179039e-01   6.1868275e-01   5.9752278e-01
   6.9212906e-01   5.8811228e-01   3.5143147e-01   5.4545743e-01   5.6897320e-01
   9.3358347e-01   8.3511367e-01   8.8028361e-01   1.0248721e+00   9.8296550e-01
   5.1324118e-01   4.1891933e-01   4.2936072e-01   6.1536331e-01   5.9281183e-01
   2.1927244e-01   3.1433283e-01   1.4761338e-01   2.1273289e-01   2.4644201e-01
   2.5111423e-01   2.3566491e-01   1.2596402e-01   2.0106092e-01   2.0877712e-01
   4.6222204e-01   3.5624154e-01   3.7145672e-01   2.8129003e-01   2.4164223e-01
   5.6692074e-01   4.9109433e-01   6.5350195e-01   4.6430192e-01   4.0435829e-01
   3.6011324e-01   3.9022805e-01   3.4738906e-01   2.9184529e-01   3.0001430e-01
   3.1974615e-01   3.5783533e-01   5.3567583e-01   2.9853705e-01   2.5432970e-01
   6.6861308e-01   5.2008972e-01   4.1171863e-01   4.8080110e-01   5.4865169e-01
   5.9730112e-01   5.5537102e-01   7.7709698e-01   5.2326243e-01   4.4440714e-01
   2.5206868e-01   4.6851952e-01   5.0713856e-01   3.7427702e-01   3.8356956e-01
   3.4030607e-01   5.6087509e-01   6.4072965e-01   3.8914217e-01   4.9465003e-01
   4.2753592e-01   5.1091870e-01   6.5574287e-01   4.7170008e-01   4.3449265e-01
   4.0697429e-01   5.3316707e-01   5.0803691e-01   4.7457783e-01   4.8692980e-01
   3.8186999e-01   5.9140835e-01   6.7772707e-01   5.5857325e-01   6.0017132e-01
   4.6135408e-01   5.4367066e-01   3.5700363e-01   4.6524371e-01   4.2996862e-01
   3.6731801e-01   5.9848982e-01   7.8645205e-01   6.0493648e-01   5.5335787e-01
   3.0775919e-01   3.6526696e-01   5.4852364e-01   3.6336178e-01   3.5361581e-01
   5.5119147e-01   5.7113053e-01   5.6557020e-01   5.3150845e-01   4.7174381e-01
   3.5475618e-01   4.9649437e-01   7.9963342e-01   3.9135936e-01   3.9877077e-01
   3.8241828e-01   6.0069974e-01   7.5716789e-01   5.4677823e-01   4.7645544e-01
   4.0367476e-01   4.4840532e-01   5.0879412e-01   4.1765703e-01   3.8595018e-01
   3.3726549e-01   3.7760369e-01   6.9912116e-01   3.5936589e-01   4.3917276e-01
   1.8526113e-01   3.6554255e-01   6.2034659e-01   2.9456333e-01   3.0578917e-01
   3.7958521e-01   4.6023159e-01   7.3944487e-01   4.8814836e-01   4.6586375e-01
   2.5818210e-01   4.7150153e-01   5.1398892e-01   4.8907822e-01   5.0017006e-01
   3.3998652e-01   6.0496271e-01   8.0422505e-01   6.0562073e-01   5.5974550e-01
   3.2958434e-01   4.5764312e-01   7.5953218e-01   4.4278599e-01   4.0009791e-01
   3.2012169e-01   3.9031717e-01   6.1767163e-01   4.0384436e-01   4.2854100e-01
   3.2620267e-01   5.5871190e-01   6.3216610e-01   6.3841158e-01   6.1344642e-01
   5.3831867e-01   4.8787964e-01   7.5721232e-01   4.3648602e-01   4.6117182e-01
   5.2367991e-01   4.8091073e-01   7.2456522e-01   5.4915327e-01   5.5715445e-01
   2.4384033e-01   5.4277653e-01   3.7216316e-01   5.0591990e-01   5.6010879e-01
   3.1491691e-01   3.2325021e-01   3.5073299e-01   2.7427795e-01   2.9245623e-01
   4.2499181e-01   6.1071001e-01   5.1033665e-01   5.4911930e-01   5.7193726e-01
   5.3631419e-01   4.9136067e-01   3.4706606e-01   4.3581187e-01   5.5920082e-01
   5.4041686e-01   3.0918670e-01   4.0613417e-01   3.5192461e-01   3.5437777e-01
   6.3528645e-01   5.0303313e-01   5.0000024e-01   5.0380438e-01   5.1642980e-01
   4.2777926e-01   6.1718929e-01   5.1475765e-01   6.1441712e-01   6.7220025e-01
   3.6970700e-01   4.3382450e-01   4.3821557e-01   4.8045092e-01   5.0431634e-01
   4.1355060e-01   2.0237734e-01   3.9754833e-01   2.8871643e-01   2.9551748e-01
   5.4331124e-01   3.3056986e-01   4.6282619e-01   4.1521397e-01   4.0088582e-01
   5.3668973e-01   3.6157653e-01   4.5283573e-01   4.3538305e-01   4.0935775e-01
   4.9324940e-01   3.7265156e-01   5.6939400e-01   4.5539284e-01   4.3342938e-01
   5.7843837e-01   4.5578099e-01   5.2020312e-01   4.9522220e-01   4.4879836e-01
   4.7186366e-01   3.7414961e-01   4.6554250e-01   4.2635162e-01   3.9479734e-01
   4.2915909e-01   2.8589955e-01   5.2630040e-01   2.7312556e-01   2.7832965e-01
   2.9288363e-01   4.0429532e-01   5.4018154e-01   3.7474462e-01   3.3692884e-01
   4.2415032e-01   4.7949625e-01   4.8338157e-01   5.1143995e-01   4.5751205e-01
   3.9429981e-01   4.7515384e-01   4.1857236e-01   4.9206549e-01   4.3340628e-01
   4.4621850e-01   4.7210096e-01   4.2696941e-01   4.9312745e-01   4.3428454e-01
   2.7646242e-01   3.3060373e-01   3.2799974e-01   3.3302737e-01   3.5503119e-01
   3.7605592e-01   3.7617782e-01   6.3300755e-01   3.4014699e-01   3.3039913e-01
   3.3142921e-01   4.9601095e-01   3.7624772e-01   4.8763567e-01   4.0802116e-01
   4.7046689e-01   4.7971677e-01   5.0363647e-01   5.0468263e-01   3.9412506e-01
   2.0434609e-01   2.9576135e-01   4.0299055e-01   2.3603723e-01   2.4969583e-01
   3.5985108e-01   4.1154863e-01   4.9026032e-01   4.1283574e-01   3.9296056e-01
   3.4839315e-01   4.9489007e-01   5.4907108e-01   5.3244361e-01   4.3903348e-01
   4.2816870e-01   5.6603233e-01   4.5961458e-01   5.9869352e-01   5.1005922e-01
   4.8664366e-01   3.4376169e-01   4.4140356e-01   5.2800917e-01   4.8140347e-01
   4.2072547e-01   3.5012994e-01   4.9667338e-01   4.7679648e-01   4.5092973e-01
   2.0567734e-01   4.1142765e-01   4.3333107e-01   3.1497477e-01   3.1107553e-01
   4.4748753e-01   4.5833721e-01   4.3347511e-01   3.8174823e-01   3.8445903e-01
   4.0020889e-01   5.0410725e-01   4.0165531e-01   5.0393444e-01   4.8804322e-01
   4.6595171e-01   5.1004599e-01   4.3191402e-01   6.6542059e-01   6.1413309e-01
   4.3825596e-01   3.8989934e-01   4.9611474e-01   5.1992285e-01   5.3915254e-01
   6.3473100e-01   5.4828858e-01   4.9523814e-01   6.7277280e-01   5.9246282e-01
   4.6481313e-01   4.6677017e-01   3.6371974e-01   5.0305680e-01   5.1099876e-01
   6.4430145e-01   3.9167359e-01   4.6936914e-01   6.1267287e-01   5.5477666e-01
   4.7245317e-01   6.9172920e-01   5.1264379e-01   6.0774876e-01   6.4175339e-01
   4.7645311e-01   5.0741523e-01   3.9629948e-01   5.5041093e-01   5.5702507e-01
   7.0526922e-01   5.4935951e-01   5.3973057e-01   6.1514487e-01   6.3348984e-01
   3.5544779e-01   2.8579143e-01   2.9267031e-01   2.1670730e-01   2.4313205e-01
   3.8125930e-01   5.0464777e-01   4.4967647e-01   4.5477019e-01   4.4926646e-01
   4.7420668e-01   5.2932996e-01   5.1100875e-01   5.7905373e-01   5.6609650e-01
   4.1901655e-01   4.1600750e-01   5.6698232e-01   3.8365915e-01   4.6790763e-01
   4.9770418e-01   4.4011826e-01   4.7959864e-01   5.9987431e-01   5.9305353e-01
   5.1404588e-01   5.3275988e-01   6.3956691e-01   6.3278864e-01   5.6466132e-01
   6.7598415e-01   4.7994979e-01   6.7678088e-01   5.7472062e-01   5.6776918e-01
   4.9436569e-01   5.6126692e-01   5.2663543e-01   6.6754238e-01   5.8487024e-01
   4.9591320e-01   4.6065180e-01   4.3276630e-01   5.7203968e-01   4.9523490e-01
   7.2760413e-01   5.3980873e-01   6.2764458e-01   7.1948161e-01   6.6132314e-01
   6.0655938e-01   4.8953110e-01   4.6554250e-01   6.1656567e-01   5.6070592e-01
   5.7948379e-01   5.6068209e-01   6.2937967e-01   6.5010645e-01   6.0464771e-01
   4.3404148e-01   3.4849410e-01   3.6764933e-01   4.7179483e-01   3.9796165e-01
   5.5162705e-01   4.9347187e-01   5.1636702e-01   6.4166754e-01   5.4024600e-01
   7.6168327e-01   8.3577886e-01   8.2643718e-01   8.3374514e-01   8.2209890e-01
   5.2396253e-01   4.5831128e-01   5.3254691e-01   6.2296850e-01   5.3623392e-01
   3.6091542e-01   6.4220695e-01   4.3624227e-01   6.5492738e-01   6.2022585e-01
   6.1925808e-01   4.2630992e-01   5.6658774e-01   5.8418089e-01   6.0685314e-01
   4.3774880e-01   3.1996397e-01   3.8642647e-01   5.0543134e-01   4.4429058e-01
   3.1959596e-01   3.6521575e-01   4.3026287e-01   3.4609590e-01   3.3660600e-01
   2.8938374e-01   3.7012607e-01   3.0733815e-01   4.1669131e-01   3.9058992e-01
   5.3808581e-01   5.0177069e-01   4.3480608e-01   5.7891365e-01   5.5353833e-01
   4.4439149e-01   3.8930017e-01   4.6520492e-01   3.3268645e-01   3.2699475e-01
   5.2115736e-01   6.0315213e-01   5.6332774e-01   6.3115682e-01   6.0505572e-01
   4.3640829e-01   4.5434226e-01   4.5654490e-01   4.9110097e-01   4.6598249e-01
   4.4166438e-01   5.0829799e-01   4.1771862e-01   5.5429588e-01   5.5904525e-01
   5.4464436e-01   4.8546807e-01   6.0287016e-01   5.8559041e-01   6.1273283e-01
   5.5293494e-01   5.6547752e-01   5.8211496e-01   6.3189819e-01   5.9026432e-01
   4.4158233e-01   4.2029690e-01   5.3723153e-01   5.2674567e-01   4.6114818e-01
   3.9871725e-01   3.7910094e-01   5.0166154e-01   4.9745027e-01   5.0205722e-01
   3.1671495e-01   3.8537049e-01   5.0194823e-01   3.0338461e-01   2.8774893e-01
   6.1037371e-01   5.5255053e-01   2.7913449e-01   6.0439663e-01   7.3518147e-01
   7.2559223e-01   5.7464784e-01   4.7535717e-01   6.2845602e-01   6.6059901e-01
   6.0302882e-01   4.7173663e-01   3.0127419e-01   5.3251044e-01   6.7313987e-01
   7.2028813e-01   4.7269471e-01   3.9728578e-01   5.0862736e-01   5.3945757e-01
   4.2644958e-01   1.8560454e-01   3.3735127e-01   2.4854127e-01   2.3099892e-01
   4.9266595e-01   1.9769999e-01   3.9807359e-01   2.7430540e-01   2.7407354e-01
   6.7829556e-01   2.7471860e-01   5.2274642e-01   3.5575590e-01   3.3647689e-01
   5.2472247e-01   4.6478132e-01   5.3585350e-01   4.4423502e-01   4.6155026e-01
   4.0101889e-01   3.3049429e-01   5.9699221e-01   4.1034185e-01   4.2330514e-01
   1.4883451e-01   3.3303017e-01   4.7012579e-01   2.7074070e-01   2.6738712e-01
   1.9915534e-01   3.3339544e-01   4.0418199e-01   2.6868720e-01   2.6800716e-01
   3.3200429e-01   4.4545976e-01   3.7436420e-01   4.9184036e-01   4.7241229e-01
   3.2949367e-01   4.6261006e-01   5.8148149e-01   4.3792751e-01   4.3595035e-01
   2.6851073e-01   3.3219418e-01   4.2111254e-01   5.0458501e-01   5.0847870e-01
   2.1965714e-01   2.8786362e-01   3.1109309e-01   2.7875711e-01   2.7795555e-01
   4.4898904e-01   5.9029412e-01   5.4644160e-01   5.6714957e-01   5.8218465e-01
   7.5702884e-01   5.8141500e-01   5.6659792e-01   6.3145329e-01   6.7463955e-01
   3.4278862e-01   3.6755885e-01   9.2508640e-02   2.2489086e-01   3.4031193e-01
   3.1455754e-01   3.3798817e-01   7.4978876e-02   2.9823106e-01   3.4905230e-01
   3.4091491e-01   4.6374237e-01   2.2224047e-01   2.9467436e-01   4.1578825e-01
   5.3792462e-01   2.9146246e-01   2.3526991e-01   3.1899711e-01   3.5546696e-01
   6.3356172e-01   5.7475203e-01   1.0497955e-01   2.8352302e-01   3.8108213e-01
   4.9469220e-01   3.8703435e-01   4.1023075e-01   3.9387663e-01   5.0205722e-01
   2.6269958e-01   2.3441980e-01   3.6961601e-02   1.5508549e-01   2.2283273e-01
   1.7234653e-01   2.9064840e-01   8.4338051e-02   1.2101021e-01   1.8837191e-01
   3.4958701e-01   2.5272615e-01   1.3786033e-01   2.4240149e-01   2.8950486e-01
   2.6660087e-01   1.7491671e-01   4.0451972e-02   1.0900402e-01   1.5200234e-01
   3.6851200e-01   4.5058022e-01   1.2684263e-01   4.1835160e-01   6.0225761e-01
   4.3977873e-01   6.5909810e-01   2.9146156e-02   9.2324107e-02   1.5192353e-01
   3.6713202e-01   4.8867468e-01   1.4936974e-01   3.9070861e-01   4.6136103e-01
   4.2049963e-01   4.1825224e-01   5.7440989e-01   5.4789719e-01   5.0296521e-01
   5.0328549e-01   4.9605534e-01   5.6701542e-01   6.4230516e-01   5.6523514e-01
   8.0396139e-01   5.9405660e-01   6.8573867e-01   7.4746615e-01   7.3886454e-01
   5.0732966e-01   4.5231357e-01   5.1221670e-01   5.4056188e-01   5.0375112e-01
   7.4054725e-01   6.3757436e-01   5.5051736e-01   7.6030005e-01   7.2410790e-01
   8.2308493e-01   6.0347221e-01   5.9671373e-01   7.6172949e-01   6.9555752e-01
   3.2061754e-01   4.5131588e-01   1.4617599e-01   2.6611661e-01   2.9492998e-01
   3.1511160e-01   5.0036873e-01   3.7139232e-01   4.5505035e-01   5.0411971e-01
   5.2101642e-01   4.9292741e-01   4.4265027e-01   4.5001778e-01   4.7296169e-01
   6.4520402e-01   3.6671418e-01   3.9067344e-01   3.7287515e-01   4.1955252e-01
   5.6301987e-01   4.3928988e-01   5.9852797e-01   5.0104418e-01   5.1107297e-01
   5.6634936e-01   4.1902584e-01   6.0161502e-01   4.4223150e-01   4.6579252e-01
   4.3694759e-01   4.6478746e-01   6.1554589e-01   4.4250871e-01   4.3470078e-01
   3.9401532e-01   4.0206225e-01   5.9555342e-01   4.2513620e-01   4.1049154e-01
   4.0818782e-01   4.5035514e-01   6.1308280e-01   4.7768516e-01   4.4992212e-01
   4.0580973e-01   5.3778680e-01   5.0593155e-01   4.9625494e-01   4.8212589e-01
   5.3014651e-01   4.2890886e-01   6.9753155e-01   5.3344651e-01   5.2984215e-01
   4.6330792e-01   3.3402125e-01   5.2128296e-01   3.9352096e-01   3.7071430e-01
   5.1425590e-01   3.7279543e-01   4.2305955e-01   4.3250777e-01   4.0940308e-01
   4.2082228e-01   3.8621867e-01   5.9090818e-01   4.6229532e-01   4.7174381e-01
   3.6733351e-01   4.1094789e-01   5.5154454e-01   4.0226234e-01   3.8459250e-01
   3.8182300e-01   4.2737959e-01   4.8309500e-01   4.2991357e-01   4.2298436e-01
   3.1247772e-01   4.2182773e-01   5.4887606e-01   4.0965162e-01   4.2640266e-01
   5.3733384e-01   3.9582741e-01   4.2517726e-01   4.8331925e-01   4.6950249e-01
   4.7267221e-01   6.4703180e-01   7.5482655e-01   7.5006746e-01   6.6603032e-01
   5.4928803e-01   7.3188470e-01   6.5905319e-01   7.8438648e-01   7.4995285e-01
   4.8794115e-01   4.5085084e-01   4.9426971e-01   3.8704657e-01   3.9421468e-01
   3.6818626e-01   3.6091936e-01   3.9878083e-01   3.0154426e-01   3.6438540e-01
   1.9012847e-01   2.8230318e-01   4.5439908e-01   2.4881217e-01   2.3950119e-01
   2.4287528e-01   4.2908717e-01   5.8237882e-01   3.8092588e-01   3.9195365e-01
   5.8272065e-01   5.7020063e-01   5.1705023e-01   6.4313100e-01   6.1111558e-01
   5.7517873e-01   5.1106185e-01   5.7753753e-01   5.8365285e-01   6.1972808e-01
   4.6218865e-01   5.8145933e-01   5.7387636e-01   6.7830930e-01   6.6022270e-01
   6.4265915e-01   5.4678714e-01   5.4961882e-01   6.8447308e-01   6.6155499e-01
   5.0755576e-01   5.2913786e-01   6.0300238e-01   6.1067832e-01   5.8769697e-01
   2.6304863e-01   2.0794549e-01   1.4944645e-01   2.7603535e-01   2.9088574e-01
   1.6587588e-01   2.7100427e-01   1.5089866e-01   2.7054895e-01   2.8967218e-01
   3.2388195e-01   5.0360552e-01   2.3838511e-01   4.7299574e-01   5.9179200e-01
   2.1383646e-01   2.5038654e-01   3.4634008e-01   2.5796254e-01   2.8028451e-01
   2.8418355e-01   5.4977550e-01   5.1697511e-01   5.9387849e-01   5.5599068e-01
   4.0533145e-01   3.7206274e-01   3.9671928e-01   4.3253832e-01   4.1117229e-01
   5.6858150e-01   6.6940812e-01   6.2265922e-01   6.7842666e-01   6.5961516e-01
   5.0962759e-01   4.5718327e-01   4.6493216e-01   4.8911030e-01   4.1790855e-01
   3.2913102e-01   4.5518719e-01   3.1140054e-01   5.0526853e-01   5.3057279e-01
   4.3711106e-01   2.1772189e-01   4.3600542e-01   2.3331929e-01   2.7326494e-01
   3.4129556e-01   4.5120819e-01   4.9584147e-01   4.5119633e-01   4.2284690e-01
   3.1710479e-01   3.5084661e-01   4.9168904e-01   3.7559255e-01   3.8228086e-01
   3.1704481e-01   4.9016443e-01   3.9797946e-01   3.6179685e-01   3.6563577e-01
   4.4956706e-01   5.0397491e-01   5.8970808e-01   5.4309110e-01   6.3596366e-01
   3.0495826e-01   4.3256836e-01   4.9710860e-01   3.2043406e-01   3.0270961e-01
   3.1707480e-01   3.9940490e-01   5.1940369e-01   4.0342628e-01   4.0956176e-01
   6.1350635e-01   5.6395301e-01   6.5811895e-01   5.8753194e-01   6.5373543e-01
   2.2809401e-01   3.5001248e-01   4.4438876e-01   2.9298192e-01   3.3284456e-01
   4.5390286e-01   4.7345276e-01   6.6085416e-01   5.3562284e-01   5.5433791e-01
   5.3620692e-01   4.6549109e-01   6.7019257e-01   5.8961910e-01   6.0342473e-01
   4.0529957e-01   4.3994174e-01   5.4037240e-01   4.9926192e-01   5.2376517e-01
   3.8108710e-01   3.8438702e-01   4.6650259e-01   4.5163083e-01   4.7296169e-01
   5.6603616e-01   4.4667969e-01   6.8577934e-01   5.2121113e-01   5.3019481e-01
   4.0477368e-01   4.7258445e-01   6.0753835e-01   5.7695462e-01   5.5034645e-01
   5.9446938e-01   4.5781844e-01   5.4437880e-01   5.0357680e-01   5.3317202e-01
   5.1483367e-01   6.1600923e-01   5.4907358e-01   6.3893472e-01   5.7002139e-01
   4.4184490e-01   5.4045702e-01   5.3613242e-01   4.5819888e-01   4.9538117e-01
   5.1562206e-01   6.4389582e-01   6.6713478e-01   6.9450196e-01   6.1067750e-01
   5.8116634e-01   7.3529744e-01   4.6370552e-01   6.9346575e-01   7.0231353e-01
   6.8547822e-01   8.1996900e-01   6.7253745e-01   8.4026095e-01   8.1412413e-01
   4.0146381e-01   6.1885199e-01   3.7686176e-01   4.7663786e-01   4.7238841e-01
   4.1332604e-01   5.5500260e-01   3.7597634e-01   4.1133281e-01   4.5360523e-01
   4.1534855e-01   5.6992136e-01   4.5978254e-01   5.4593136e-01   5.6722002e-01
   3.7424791e-01   5.0738347e-01   4.4902192e-01   5.8922962e-01   5.6892082e-01
   4.6267298e-01   4.0602803e-01   2.0509399e-01   3.6902721e-01   3.5625169e-01
   4.4233737e-01   4.5707929e-01   2.4466106e-01   3.0299407e-01   3.3353169e-01
   2.9063818e-01   1.9225726e-01   1.9772186e-01   1.0557589e-01   1.0844274e-01
   2.9486556e-01   1.4911237e-01   1.8578372e-01   1.1455118e-01   1.1401805e-01
   4.2510513e-01   4.2239438e-01   1.6408060e-01   2.3407244e-01   2.7677140e-01
   4.1015425e-01   4.3079904e-01   1.5618147e-01   2.8631123e-01   3.0344735e-01
   4.7518578e-01   4.2995075e-01   2.2220895e-01   2.4421179e-01   2.5683561e-01
   4.0197248e-01   3.9277342e-01   2.8586423e-01   2.3020187e-01   2.2720594e-01
   4.7289129e-01   2.8628764e-01   2.8447403e-01   3.0017923e-01   2.2811810e-01
   2.5832719e-01   2.8330648e-01   3.0840277e-01   2.6682728e-01   2.3223761e-01
   3.3345805e-01   2.5980887e-01   1.5147626e-01   1.5260705e-01   1.2736178e-01
   1.9686744e-01   2.4060905e-01   2.2460956e-01   1.5720018e-01   1.3727639e-01
   6.3492934e-01   7.3498686e-01   3.6120261e-01   5.5538913e-01   6.4909436e-01
   4.2696831e-01   6.5992110e-01   4.4819455e-01   4.7220553e-01   5.5971956e-01
   2.9923673e-01   2.1767148e-01   2.7640986e-01   1.6381440e-01   2.0512050e-01
   2.8618524e-01   3.2643701e-01   3.1829085e-01   1.9382986e-01   2.5412444e-01
   3.4445101e-01   2.9148680e-01   3.0286052e-01   1.9679399e-01   2.5494562e-01
   2.4642078e-01   2.6360722e-01   3.1149340e-01   1.9359182e-01   2.3984769e-01
   7.9430242e-01   6.7833076e-01   4.0111765e-01   6.3052714e-01   6.4561541e-01
   5.9796754e-01   8.9028079e-01   3.9503652e-01   6.1470815e-01   7.1244472e-01
   2.9530958e-01   3.2206231e-01   2.3008454e-01   2.4413070e-01   2.8772804e-01
   3.2379160e-01   3.8363312e-01   2.9267439e-01   3.1767399e-01   3.4725248e-01
   4.4503309e-01   3.6690226e-01   2.7329339e-01   3.1677375e-01   3.6915143e-01
   3.3781235e-01   4.5352213e-01   3.2541242e-01   4.0178512e-01   4.9007932e-01
   6.6811844e-01   5.0718314e-01   4.3056597e-01   4.9677168e-01   5.1824638e-01
   5.4165629e-01   5.5898038e-01   4.6130452e-01   6.5576522e-01   6.0055030e-01
   3.7040584e-01   3.7911365e-01   1.9774331e-01   2.3221694e-01   2.8290815e-01
   2.0594651e-01   4.1442069e-01   2.5856857e-01   2.3307726e-01   2.8457591e-01
