   1.7587568e+00   1.5734894e+00   9.6565246e-01   9.9863422e-01   1.1550837e+00
   1.1345036e+00   1.3427903e+00   7.1459819e-01   1.0308122e+00   1.0030964e+00
   2.0125987e+00   1.5614588e+00   1.8038013e+00   1.1634184e+00   1.0500541e+00
   1.9912155e+00   1.8344917e+00   1.6350866e+00   1.1441446e+00   1.1745345e+00
   1.4513517e+00   1.3638130e+00   1.9363172e+00   1.1181642e+00   1.0312050e+00
   1.7577101e+00   1.7227142e+00   1.8989533e+00   1.7089696e+00   1.5918889e+00
   1.6322062e+00   1.9824864e+00   1.3854688e+00   1.8559744e+00   1.9380480e+00
   1.4245364e+00   1.9099223e+00   2.0815925e+00   1.4269755e+00   1.3315389e+00
   1.7975938e+00   1.5634782e+00   1.6825755e+00   1.5961471e+00   1.4225718e+00
   2.0860753e+00   1.8897552e+00   2.1080454e+00   1.6846861e+00   1.7440193e+00
   1.9103380e+00   1.8727625e+00   1.9211119e+00   1.8203830e+00   1.7978276e+00
   1.3471285e+00   1.7824081e+00   1.8901257e+00   1.8754459e+00   1.7812709e+00
   1.6081791e+00   1.7344199e+00   2.1347571e+00   1.8477935e+00   1.9644363e+00
   9.7965961e-01   1.6869141e+00   2.0106857e+00   1.6565690e+00   1.5819401e+00
   1.2809215e+00   1.6408048e+00   1.5774490e+00   1.8607939e+00   1.7916742e+00
   2.0145780e+00   1.4732783e+00   1.8193816e+00   1.6640109e+00   1.8293751e+00
   1.1577208e+00   1.3957108e+00   2.0290702e+00   1.4380511e+00   1.4145060e+00
   1.5220099e+00   1.8145230e+00   1.4144682e+00   1.7605125e+00   1.7151968e+00
   1.2442868e+00   1.4875386e+00   1.8084589e+00   1.6863486e+00   1.4978309e+00
   1.5445592e+00   1.8465017e+00   1.9102728e+00   1.9798164e+00   1.8089910e+00
   1.9327507e+00   1.8862097e+00   1.5764867e+00   1.7988403e+00   1.8662379e+00
   2.1856515e+00   1.8643733e+00   1.7533635e+00   1.9029910e+00   1.8195848e+00
   8.2122142e-01   1.2688488e+00   2.0692016e+00   1.3489578e+00   1.4012578e+00
   1.5308409e+00   1.5984282e+00   1.8034142e+00   1.6074807e+00   1.6675113e+00
   1.8677684e+00   1.8745005e+00   1.4237136e+00   1.6307089e+00   1.7887520e+00
   1.3047790e+00   1.8734189e+00   1.8635377e+00   1.9919188e+00   2.0285800e+00
   1.1701878e+00   1.8012687e+00   1.6015939e+00   1.9553656e+00   1.6904276e+00
   1.4162055e+00   1.6155414e+00   1.8458912e+00   1.9663383e+00   1.9085070e+00
   1.8676934e+00   1.6169749e+00   1.4908296e+00   1.6626382e+00   1.7932678e+00
   1.7217207e+00   1.7172438e+00   1.5905150e+00   1.6703338e+00   1.7359188e+00
   1.9704212e+00   1.5982478e+00   1.7214739e+00   1.7734370e+00   1.7354405e+00
   1.8893447e+00   1.9940083e+00   1.8712559e+00   2.1221047e+00   1.9579774e+00
   1.7394951e+00   1.6052459e+00   1.8990032e+00   2.1117367e+00   2.0142011e+00
   1.8809486e+00   2.1395234e+00   1.6998423e+00   1.7015946e+00   1.6979787e+00
   1.4785618e+00   1.1377980e+00   1.0593145e+00   8.7234029e-01   8.8030440e-01
   1.5555517e+00   1.0209281e+00   1.7014177e+00   9.1729985e-01   9.4813407e-01
   2.0354961e+00   1.8101536e+00   1.9316356e+00   2.0022712e+00   1.9912272e+00
   1.8807511e+00   2.0583075e+00   1.8212972e+00   1.4933405e+00   1.6973097e+00
   1.6202057e+00   1.1821410e+00   1.3096378e+00   1.1380143e+00   1.0757114e+00
   1.9545477e+00   1.5024306e+00   1.6432581e+00   1.3960845e+00   1.3698199e+00
   1.9252529e+00   1.4353574e+00   1.7157163e+00   1.4251445e+00   1.2806829e+00
   1.8904857e+00   1.8586764e+00   1.6579783e+00   1.7756699e+00   1.5462975e+00
   1.7666776e+00   1.6787196e+00   1.6854371e+00   1.5691093e+00   1.4923494e+00
   1.6246610e+00   1.4471531e+00   1.3468805e+00   1.4977186e+00   1.4263173e+00
   2.0406191e+00   1.8992321e+00   1.8949016e+00   1.9200845e+00   1.7290791e+00
   1.7099904e+00   1.7955156e+00   1.6788812e+00   1.4565676e+00   1.4951277e+00
   1.4208176e+00   1.4642948e+00   1.1661868e+00   1.2765355e+00   1.1881424e+00
   1.9461595e+00   1.6275633e+00   1.9862864e+00   1.6786886e+00   1.6751431e+00
   1.9438583e+00   1.0554622e+00   1.0133049e+00   1.1784877e+00   1.2269698e+00
   1.4123639e+00   1.8338861e+00   1.7541982e+00   1.5277266e+00   1.3897296e+00
   1.6556315e+00   1.3641980e+00   1.5450298e+00   1.5236184e+00   1.3379480e+00
   1.6700346e+00   1.4574664e+00   1.6739905e+00   1.6243105e+00   1.3066015e+00
   1.8962548e+00   1.6104939e+00   1.8777535e+00   1.8383289e+00   2.0126114e+00
   1.8402176e+00   1.5680916e+00   1.7734882e+00   1.9306658e+00   1.7763783e+00
   2.4147187e+00   1.6587742e+00   1.4480813e+00   1.8994537e+00   1.7593457e+00
   2.3891790e+00   1.9386843e+00   1.5165591e+00   2.2177908e+00   2.1672127e+00
   1.4214612e+00   1.6064250e+00   1.7685123e+00   1.5130591e+00   1.2586753e+00
   1.4133252e+00   1.0609473e+00   1.6185571e+00   1.7839365e+00   1.7021423e+00
   1.4808012e+00   1.1403423e+00   1.6931091e+00   1.4867934e+00   1.5548138e+00
   1.9604152e+00   1.4788737e+00   1.7261015e+00   1.7931072e+00   1.6418154e+00
   1.4073133e+00   1.4394110e+00   1.6816715e+00   1.5033180e+00   1.5689422e+00
   1.6560061e+00   1.7226855e+00   1.4510654e+00   1.9507195e+00   1.9439075e+00
   1.8769290e+00   1.8465100e+00   1.8253439e+00   1.8241536e+00   1.7692432e+00
   1.8515762e+00   1.6568933e+00   1.6279601e+00   1.8540710e+00   1.7541054e+00
   1.6099465e+00   1.5416480e+00   1.4381447e+00   1.8402563e+00   1.7812297e+00
   1.4501419e+00   1.4457997e+00   1.8289954e+00   1.9170691e+00   1.9063184e+00
   1.9754074e+00   1.4218553e+00   1.6777163e+00   1.7746482e+00   1.7610973e+00
   1.6985925e+00   1.5364191e+00   1.7845759e+00   1.5913407e+00   1.5817372e+00
   1.4027644e+00   1.0946847e+00   6.4696114e-01   5.8939422e-01   7.2834962e-01
   1.6508096e+00   1.5889603e+00   1.4368354e+00   1.0707971e+00   1.1523135e+00
   1.5605212e+00   1.8196305e+00   1.6932068e+00   1.4930193e+00   1.5718709e+00
   1.5693501e+00   1.8137119e+00   1.9701332e+00   2.0826143e+00   2.0459374e+00
   1.5819820e+00   1.9326016e+00   2.2327180e+00   2.0757485e+00   2.0582722e+00
   1.5958249e+00   1.5743999e+00   1.7097396e+00   1.9193573e+00   1.6782531e+00
   1.7430626e+00   1.8854853e+00   2.0139422e+00   1.7788759e+00   1.8555079e+00
   1.5791898e+00   1.7866044e+00   1.9434091e+00   1.6257277e+00   1.4094014e+00
   1.9488162e+00   1.8276477e+00   2.0352515e+00   1.9354900e+00   1.7261001e+00
   1.6372566e+00   1.7506241e+00   2.0183332e+00   1.7678475e+00   1.9634744e+00
   1.3824824e+00   1.4261546e+00   1.8549859e+00   1.6902205e+00   1.4808549e+00
   1.5355794e+00   1.5571172e+00   1.7043817e+00   1.6791429e+00   1.7972202e+00
   1.8642790e+00   1.4767038e+00   1.6439584e+00   1.7115490e+00   1.7380036e+00
   1.8785883e+00   1.1871368e+00   1.6495196e+00   1.5717768e+00   1.7053236e+00
   1.4629569e+00   1.4774110e+00   1.5273261e+00   1.2713845e+00   1.2893896e+00
   1.7201664e+00   1.3288034e+00   1.8567148e+00   1.9613114e+00   1.8112050e+00
   1.5494722e+00   1.5416812e+00   1.5660985e+00   1.5230778e+00   1.5459549e+00
   1.8183212e+00   1.7016019e+00   1.7381149e+00   1.6821252e+00   1.5981091e+00
   1.4452886e+00   1.8272746e+00   1.4273276e+00   1.8500124e+00   1.6976038e+00
   1.8293333e+00   1.4773507e+00   1.6907026e+00   1.6437561e+00   1.6658904e+00
   1.4060388e+00   1.5288726e+00   1.8327174e+00   1.5559409e+00   1.5347653e+00
   2.4274216e+00   1.8164624e+00   2.1031287e+00   1.7373457e+00   1.7832466e+00
   1.9463511e+00   1.7831729e+00   2.0450162e+00   1.6581762e+00   1.6754452e+00
   1.8014352e+00   1.6245133e+00   1.8128247e+00   1.3738628e+00   1.3177616e+00
   2.0280521e+00   1.8377123e+00   2.0052017e+00   2.0166246e+00   1.9790952e+00
   1.5972887e+00   1.6530149e+00   1.6385473e+00   1.8584268e+00   1.4893892e+00
   2.0765398e+00   1.6919614e+00   1.9827143e+00   2.1426001e+00   2.0650524e+00
   1.9344140e+00   1.9142892e+00   2.0062837e+00   1.9481454e+00   1.8403218e+00
   1.1806168e+00   1.5596302e+00   1.1481084e+00   1.3408152e+00   1.0708406e+00
   1.8075339e+00   1.8240706e+00   1.1729511e+00   1.2417708e+00   1.4313789e+00
   1.9134027e+00   1.9601207e+00   1.8468395e+00   1.9738422e+00   1.9227332e+00
   2.0196441e+00   2.0113855e+00   1.3723502e+00   1.8454505e+00   1.9975105e+00
   1.7047526e+00   8.4702413e-01   1.4343117e+00   9.1367080e-01   8.7899326e-01
   2.6735912e+00   1.1470807e+00   1.6523862e+00   1.2117680e+00   1.2450641e+00
   1.7171499e+00   1.3961326e+00   2.0641745e+00   1.6783000e+00   1.7239309e+00
   1.8145683e+00   1.3198252e+00   1.8617236e+00   1.3458160e+00   1.3013472e+00
   1.9612144e+00   1.9288226e+00   2.0294565e+00   1.8197359e+00   1.9220296e+00
   1.5152233e+00   1.3519034e+00   1.7745867e+00   1.9018567e+00   1.8511120e+00
   2.1492122e+00   1.8258592e+00   1.6436442e+00   2.0321493e+00   1.9385588e+00
   2.3347157e+00   1.6644728e+00   1.1470848e+00   1.7699934e+00   1.6700603e+00
   2.1654713e+00   1.4614772e+00   1.3839919e+00   1.7763215e+00   1.6188521e+00
   2.6257873e+00   1.8818344e+00   1.6565235e+00   2.1573908e+00   2.1581770e+00
   1.7674230e+00   1.0624350e+00   1.3678933e+00   1.9732956e+00   1.8469876e+00
   1.8783274e+00   1.9065336e+00   2.0479701e+00   1.6459115e+00   1.8444338e+00
   1.3192224e+00   1.5398971e+00   1.8490578e+00   1.5023939e+00   1.4384218e+00
   1.4744436e+00   1.5275557e+00   5.7592702e-01   9.9230011e-01   1.3814232e+00
   1.1799718e+00   1.1392519e+00   6.4202285e-01   9.4738497e-01   1.1474990e+00
   1.3030346e+00   1.4186963e+00   4.0635355e-01   1.1149468e+00   1.3972788e+00
   1.2866885e+00   1.7434414e+00   4.6642617e-01   1.5587959e+00   1.8855542e+00
   1.1758857e+00   1.2265934e+00   1.5430617e+00   1.3255430e+00   1.6688494e+00
   1.1074495e+00   8.7798656e-01   2.2951420e-01   6.3852400e-01   9.5877476e-01
   1.1821919e+00   1.1806002e+00   2.5485491e-01   8.0240376e-01   1.2778514e+00
   1.6662831e+00   1.3180295e+00   5.6983250e-01   9.3120931e-01   1.2357280e+00
   8.4338537e-01   1.3004001e+00   2.5056689e-01   4.6707991e-01   6.7960183e-01
   9.6749252e-01   9.5968976e-01   2.6355480e-01   4.7689044e-01   7.3839650e-01
   1.1233501e+00   9.7926837e-01   4.7648089e-01   1.0445031e+00   1.4084988e+00
   1.6388807e+00   1.7702968e+00   6.1368607e-01   2.0090379e+00   1.4602075e+00
   1.6562883e+00   1.6579773e+00   1.0096216e+00   1.9511940e+00   1.7511326e+00
   1.7637674e+00   1.8046107e+00   1.6703058e+00   1.4462546e+00   1.4706329e+00
   1.8205810e+00   1.4880132e+00   1.7966145e+00   1.9881230e+00   1.8450314e+00
   1.9717645e+00   1.7704098e+00   2.0067470e+00   1.8279774e+00   1.9834312e+00
   1.8621560e+00   1.7232373e+00   1.7404735e+00   1.3545793e+00   1.5615757e+00
   1.5264131e+00   1.4913495e+00   1.7819633e+00   1.3376744e+00   1.4698878e+00
   2.1757042e+00   1.9137477e+00   2.0915891e+00   2.0355637e+00   1.9566997e+00
   1.7769592e+00   1.7783844e+00   1.6573571e+00   1.6946016e+00   1.8096705e+00
   1.8757601e+00   1.0402741e+00   1.6758293e+00   1.0198085e+00   1.2672864e+00
   2.0337352e+00   1.7631098e+00   2.1142532e+00   2.0981986e+00   2.0585126e+00
   2.3896733e+00   2.0185467e+00   1.7841607e+00   2.0752321e+00   2.2131680e+00
   2.0256212e+00   1.8565938e+00   1.8089267e+00   1.9914644e+00   1.9780873e+00
   2.0518477e+00   1.8398344e+00   1.6655792e+00   2.0447409e+00   2.0675740e+00
   1.8232385e+00   1.5826471e+00   1.9111558e+00   1.9628851e+00   1.9203937e+00
   1.8830469e+00   1.6607511e+00   2.1819264e+00   1.8868176e+00   1.7465866e+00
   2.4212046e+00   1.5919981e+00   1.9795242e+00   1.3885768e+00   1.4628584e+00
   1.4453286e+00   1.5206791e+00   1.8215315e+00   1.8744694e+00   1.9549453e+00
   1.9467146e+00   1.8935095e+00   1.7286020e+00   1.3357477e+00   1.5649866e+00
   1.9199174e+00   1.5229357e+00   1.2171031e+00   1.4503838e+00   1.4218655e+00
   1.5804364e+00   1.4977217e+00   1.5318572e+00   1.1606548e+00   1.2621249e+00
   2.0012699e+00   1.6490386e+00   1.1789389e+00   1.7272114e+00   1.8536951e+00
   1.2694001e+00   2.0410383e+00   2.2175096e+00   2.0368667e+00   2.0150590e+00
   2.1684714e+00   1.9984690e+00   1.9796113e+00   2.1775537e+00   2.2115771e+00
   8.7767139e-01   8.3116607e-01   7.1102562e-01   7.4774701e-01   8.4502261e-01
   1.6923749e+00   1.3862282e+00   9.9750507e-01   9.7031153e-01   1.0738407e+00
   1.1777778e+00   1.6273481e+00   7.6357022e-01   9.0040485e-01   1.0833892e+00
   1.1185737e+00   1.3649520e+00   1.2010981e+00   1.1821539e+00   1.2435079e+00
   1.9087050e+00   1.9824953e+00   1.3859400e+00   1.8096638e+00   1.9768061e+00
   2.1293849e+00   2.0071495e+00   2.1075123e+00   2.0126255e+00   1.7402093e+00
   1.8119054e+00   1.2518208e+00   1.2295442e+00   9.4850194e-01   1.0090911e+00
   1.7057237e+00   1.4991266e+00   1.3380274e+00   1.1658614e+00   1.4223430e+00
   1.6558228e+00   1.3612172e+00   1.0028655e+00   1.0842047e+00   1.1666056e+00
   2.0181102e+00   1.8184618e+00   1.6291480e+00   1.6369683e+00   1.4886900e+00
   1.6822340e+00   1.5316117e+00   1.2787184e+00   1.6476788e+00   1.5329784e+00
   2.2406404e+00   1.9390625e+00   2.0517203e+00   1.8741633e+00   1.9359455e+00
   2.0180667e+00   1.7408717e+00   1.8962237e+00   1.9798030e+00   1.8363499e+00
   2.2724185e+00   1.9820324e+00   2.0679452e+00   1.7613644e+00   1.8404140e+00
   2.2708115e+00   2.1212333e+00   2.1357188e+00   1.9768338e+00   2.1008835e+00
   1.7906431e+00   1.6948723e+00   1.6347542e+00   1.6363344e+00   1.7185932e+00
   1.8702366e+00   1.7824747e+00   1.6589523e+00   1.5978328e+00   1.6936987e+00
   1.4627561e+00   1.9817043e+00   1.1358360e+00   1.9507229e+00   1.9853808e+00
   2.0546147e+00   9.2949277e-01   1.4343357e+00   1.0766759e+00   1.2467506e+00
   2.0139805e+00   1.5688613e+00   1.2171802e+00   1.6862124e+00   1.6836366e+00
   2.2288786e+00   1.9608164e+00   6.1101158e-01   1.8785713e+00   1.9105084e+00
   2.1693262e+00   2.0010789e+00   2.1343324e+00   2.1271947e+00   2.1159781e+00
   1.8683945e+00   1.8298640e+00   1.8537295e+00   2.0615130e+00   2.0398730e+00
   1.7599576e+00   1.5670661e+00   1.6977728e+00   1.5838217e+00   1.4827082e+00
   1.6852339e+00   1.5865328e+00   1.8046001e+00   1.7063229e+00   1.7546194e+00
   1.6640616e+00   1.9456536e+00   1.5509008e+00   2.1619778e+00   2.1405772e+00
   2.3042765e+00   1.9456220e+00   2.1739164e+00   2.0485631e+00   2.0139161e+00
   1.4311317e+00   1.7454038e+00   1.8010198e+00   1.6279282e+00   1.6772045e+00
   2.1342548e+00   1.8509838e+00   1.4747453e+00   1.9270119e+00   1.8539508e+00
   1.8480147e+00   2.0038334e+00   1.5711193e+00   2.0354866e+00   2.1600681e+00
   2.3720366e+00   1.7573472e+00   1.5491317e+00   1.9677624e+00   2.0217395e+00
   1.8234105e+00   1.6756498e+00   1.8855004e+00   1.9985521e+00   2.0903192e+00
   2.0859693e+00   1.9240151e+00   1.8544541e+00   1.9736035e+00   1.9450246e+00
   1.5204489e+00   1.5764258e+00   1.9218916e+00   1.8587149e+00   1.8013266e+00
   1.8872276e+00   1.6389945e+00   1.3666544e+00   1.8136005e+00   1.7695087e+00
   2.0169935e+00   1.7822972e+00   1.7067048e+00   1.9249396e+00   2.0172215e+00
   1.7739449e+00   1.7254529e+00   2.0056759e+00   1.8513569e+00   1.7643579e+00
   1.9377818e+00   1.7582715e+00   1.9088545e+00   1.7689743e+00   1.8214195e+00
   1.7690312e+00   1.5969908e+00   1.8316376e+00   1.8541920e+00   1.9051929e+00
   1.7247164e+00   1.6706193e+00   1.8608153e+00   1.8865168e+00   1.8449100e+00
   1.7254376e+00   1.9083225e+00   1.8946614e+00   2.0338934e+00   1.9073671e+00
   1.5391569e+00   1.6504312e+00   2.0386109e+00   1.6551662e+00   1.7389746e+00
   2.1434235e+00   1.7881005e+00   2.1389520e+00   1.7592749e+00   1.8719211e+00
   1.3509959e+00   1.3602225e+00   2.1477004e+00   1.3460624e+00   1.3400130e+00
   1.3475775e+00   1.8490099e+00   2.2784129e+00   2.1587622e+00   2.1174137e+00
   1.7328710e+00   1.6896462e+00   1.5137648e+00   1.4410920e+00   1.6636547e+00
   1.3213784e+00   1.6705383e+00   2.0828324e+00   1.3882917e+00   1.3991814e+00
   1.6759289e+00   1.5951605e+00   2.0991123e+00   1.6987784e+00   1.8068908e+00
   1.6197173e+00   1.9662737e+00   1.8673596e+00   2.1018707e+00   2.1381812e+00
   1.6379198e+00   2.0832969e+00   1.4263073e+00   2.0896274e+00   2.1995781e+00
   1.1614877e+00   1.3061111e+00   1.2549726e+00   9.9164768e-01   1.0595663e+00
   2.2851827e+00   1.6836428e+00   1.7925142e+00   2.1081838e+00   2.1436210e+00
   9.2718295e-01   1.2417518e+00   6.6001603e-01   8.9840816e-01   1.0119137e+00
   1.0150201e+00   9.6465289e-01   5.8497552e-01   8.5661457e-01   8.7571351e-01
   2.0231039e+00   1.3719173e+00   1.4595570e+00   1.1100502e+00   9.8718680e-01
   2.1008808e+00   1.6902778e+00   1.8438215e+00   1.7294284e+00   1.4645533e+00
   1.5138949e+00   1.5291619e+00   1.4233791e+00   1.1549989e+00   1.2057216e+00
   1.3207080e+00   1.2915244e+00   1.8897203e+00   1.1197619e+00   9.9017814e-01
   1.7811867e+00   2.0571783e+00   1.7685894e+00   2.0395933e+00   2.0745793e+00
   1.8177986e+00   1.6148244e+00   1.4760095e+00   1.6811763e+00   1.4570522e+00
   1.0378206e+00   1.8742904e+00   1.8911531e+00   1.5181586e+00   1.5509873e+00
   1.2678536e+00   1.8973595e+00   1.6902599e+00   1.4168198e+00   1.7790980e+00
   1.9162617e+00   1.8417747e+00   1.8833049e+00   1.6704190e+00   1.6287556e+00
   1.7940824e+00   1.8795203e+00   2.0617772e+00   1.7056163e+00   1.7505741e+00
   1.3898831e+00   1.8629969e+00   1.7141705e+00   1.8105275e+00   1.7532864e+00
   2.0269290e+00   1.8762055e+00   1.4638060e+00   1.8138247e+00   1.7170025e+00
   1.4490991e+00   1.7906998e+00   1.4680605e+00   1.9213823e+00   1.8803603e+00
   1.2554854e+00   1.4236730e+00   2.0913353e+00   1.4293674e+00   1.3726769e+00
   2.1555654e+00   1.9079272e+00   2.1630194e+00   1.9853573e+00   1.8564915e+00
   1.4794658e+00   1.9630966e+00   1.4749163e+00   1.5525464e+00   1.5790119e+00
   1.6167324e+00   1.8849758e+00   1.5494612e+00   1.8174437e+00   1.7706190e+00
   1.5601344e+00   1.6307767e+00   1.7507938e+00   1.5393298e+00   1.5109278e+00
   1.2560739e+00   1.4206001e+00   1.6008714e+00   1.2785603e+00   1.6840924e+00
   8.1382209e-01   1.4593532e+00   1.9993542e+00   1.1637168e+00   1.1865203e+00
   1.5789256e+00   1.7354956e+00   1.5857611e+00   1.7443939e+00   1.6795725e+00
   9.7196586e-01   1.8920322e+00   1.8517120e+00   1.8406819e+00   1.9656155e+00
   1.2805551e+00   1.8831351e+00   1.3999554e+00   1.7429102e+00   1.7166154e+00
   1.3708779e+00   1.6805906e+00   1.5633641e+00   1.6548681e+00   1.5063868e+00
   1.2722355e+00   1.5308900e+00   1.9920165e+00   1.5874911e+00   1.6293019e+00
   1.1562852e+00   1.8615122e+00   1.7657822e+00   1.7496164e+00   1.7533757e+00
   2.0987396e+00   1.5925606e+00   1.5147943e+00   1.5014158e+00   1.6733977e+00
   2.0260867e+00   1.7591533e+00   1.6689195e+00   1.9991596e+00   1.8449558e+00
   9.5993637e-01   1.8215649e+00   1.2832264e+00   1.9641303e+00   1.8817753e+00
   1.1769823e+00   1.1809121e+00   1.2861487e+00   1.0655173e+00   1.1091969e+00
   1.5464000e+00   1.9032771e+00   1.6417248e+00   2.0334824e+00   2.0030045e+00
   1.7253957e+00   1.9107869e+00   1.4419769e+00   1.7954648e+00   1.7907599e+00
   2.1329831e+00   1.2148857e+00   1.7355699e+00   1.4609952e+00   1.4594171e+00
   1.8694785e+00   1.9470126e+00   2.1449813e+00   2.0276383e+00   1.9674625e+00
   1.4229033e+00   1.8087881e+00   1.6261193e+00   1.8656056e+00   1.7470311e+00
   1.4620694e+00   1.5744488e+00   1.6358419e+00   1.8711305e+00   1.8592623e+00
   1.7037203e+00   8.2783597e-01   1.6295085e+00   1.1777203e+00   1.2183437e+00
   2.5607018e+00   1.2864545e+00   1.9028398e+00   1.6588431e+00   1.5926314e+00
   2.1675712e+00   1.3909066e+00   1.8039131e+00   1.7572335e+00   1.6823647e+00
   1.9082468e+00   1.4495082e+00   1.9332050e+00   1.7000241e+00   1.7865042e+00
   2.1991340e+00   1.7049021e+00   1.9861235e+00   1.9304651e+00   1.7383193e+00
   2.0066194e+00   1.3981441e+00   1.6384997e+00   1.6753071e+00   1.5612887e+00
   1.6344070e+00   1.0920834e+00   1.8673374e+00   1.0953593e+00   1.0986748e+00
   1.1758539e+00   1.5784029e+00   2.0236633e+00   1.3906661e+00   1.2995499e+00
   1.7579136e+00   1.8171272e+00   1.9697062e+00   2.0460028e+00   1.8573901e+00
   1.6611119e+00   1.7289096e+00   1.5379841e+00   1.8281105e+00   1.7183955e+00
   1.9030568e+00   1.7230683e+00   1.6838762e+00   1.9340518e+00   1.7004878e+00
   1.1533033e+00   1.3278974e+00   1.3813785e+00   1.3656503e+00   1.4419965e+00
   1.5551925e+00   1.3478871e+00   1.7807409e+00   1.2415710e+00   1.2662944e+00
   1.3763890e+00   1.7652018e+00   1.4488264e+00   1.8492859e+00   1.5923030e+00
   1.6495001e+00   1.5031323e+00   1.6883878e+00   1.6677447e+00   1.3842185e+00
   8.7207123e-01   1.1691146e+00   1.6145838e+00   9.8059045e-01   1.0445165e+00
   1.3796236e+00   1.5768553e+00   1.7684412e+00   1.5830767e+00   1.5473711e+00
   1.4215502e+00   1.5543370e+00   1.7299505e+00   1.6340975e+00   1.4454619e+00
   1.3953932e+00   1.4377937e+00   1.5523111e+00   1.6275955e+00   1.6575236e+00
   1.5763643e+00   1.2045746e+00   1.5775151e+00   1.7693344e+00   1.6777253e+00
   1.5218990e+00   1.1412123e+00   1.6840692e+00   1.6564974e+00   1.5878144e+00
   8.8042857e-01   1.6310936e+00   1.6905499e+00   1.2752099e+00   1.2707518e+00
   1.7549248e+00   1.6117790e+00   1.6171381e+00   1.4082286e+00   1.4209788e+00
   1.5734729e+00   1.6983563e+00   1.5379457e+00   1.9100681e+00   1.8865362e+00
   1.7291497e+00   1.5853236e+00   1.5867546e+00   1.7176347e+00   1.8942215e+00
   1.6545138e+00   1.2690240e+00   1.7410115e+00   1.8030883e+00   1.8859797e+00
   1.7431495e+00   1.5662316e+00   1.7248009e+00   1.6474411e+00   1.7326897e+00
   1.8302834e+00   1.5476961e+00   1.4328122e+00   1.8369500e+00   1.7660166e+00
   1.7604386e+00   1.1958539e+00   1.6064269e+00   1.8446558e+00   1.7369208e+00
   1.6780138e+00   1.5729951e+00   1.7079719e+00   1.9014133e+00   1.7590609e+00
   1.9051338e+00   1.6312250e+00   1.4301693e+00   1.8253526e+00   1.7784947e+00
   1.5730763e+00   1.6453610e+00   1.7786875e+00   1.6641305e+00   1.7226695e+00
   1.4186000e+00   1.0892463e+00   1.1203329e+00   8.8154757e-01   9.8339346e-01
   1.6227675e+00   1.8993460e+00   1.7572933e+00   1.7619367e+00   1.7643125e+00
   1.7809381e+00   1.8554221e+00   1.9380033e+00   2.0226886e+00   2.0170543e+00
   1.6965944e+00   1.5704211e+00   1.9544475e+00   1.4182154e+00   1.6966184e+00
   1.7851705e+00   1.7880717e+00   1.9209504e+00   2.0508462e+00   2.0609093e+00
   1.9333972e+00   1.6255409e+00   1.8572306e+00   1.7566104e+00   1.7939031e+00
   1.5225739e+00   1.3598945e+00   1.4606940e+00   1.5134590e+00   1.7014579e+00
   1.7385247e+00   1.7729400e+00   1.9073279e+00   1.6668084e+00   1.7822883e+00
   1.8720076e+00   1.7393206e+00   1.7445629e+00   2.1633222e+00   1.9664271e+00
   1.5114797e+00   1.6574155e+00   1.7861367e+00   1.5162150e+00   1.5979016e+00
   1.7150943e+00   1.9166474e+00   1.9374484e+00   2.0679204e+00   2.0446365e+00
   1.8134740e+00   1.7681902e+00   1.9036344e+00   1.7440290e+00   1.7642995e+00
   1.8497901e+00   1.3575624e+00   1.4600978e+00   1.8746663e+00   1.5954739e+00
   1.7843058e+00   1.7697508e+00   1.9957815e+00   1.8382653e+00   1.9352434e+00
   1.5926981e+00   1.3254411e+00   1.3702408e+00   1.3503657e+00   1.3843432e+00
   1.7076661e+00   1.4621259e+00   1.9291423e+00   1.8164617e+00   1.8328535e+00
   1.4892816e+00   1.8087823e+00   1.7131955e+00   1.9420738e+00   2.0231054e+00
   1.8306944e+00   1.2522264e+00   1.7442075e+00   1.6928289e+00   1.7305196e+00
   1.7944495e+00   1.1461601e+00   1.4157950e+00   1.7119935e+00   1.6248545e+00
   1.3144341e+00   1.3082067e+00   1.7371052e+00   1.3204803e+00   1.2958220e+00
   1.2197953e+00   1.4740066e+00   1.2531803e+00   1.7520548e+00   1.6414708e+00
   2.3188926e+00   1.5754947e+00   1.6739419e+00   1.9810444e+00   1.8018751e+00
   1.8517307e+00   1.5204662e+00   1.9433145e+00   1.3498529e+00   1.3369236e+00
   2.5623118e+00   1.8488701e+00   1.9996605e+00   1.9061766e+00   1.9484672e+00
   1.8836975e+00   1.7515881e+00   1.7964763e+00   1.9375467e+00   1.8858819e+00
   1.8319771e+00   1.9008404e+00   1.6091756e+00   2.0932493e+00   2.0487370e+00
   2.1707238e+00   1.8288342e+00   2.0161632e+00   2.0940234e+00   1.9459960e+00
   2.2210142e+00   1.9215475e+00   1.9774645e+00   1.9576366e+00   2.0118427e+00
   1.7898881e+00   1.5521023e+00   1.9817726e+00   1.9020320e+00   1.7025091e+00
   1.5291272e+00   1.4490732e+00   1.9513348e+00   1.9681900e+00   1.9109148e+00
   1.2177980e+00   1.4727472e+00   2.0253980e+00   1.1832543e+00   1.1445441e+00
   1.9005053e+00   2.0569252e+00   1.1405865e+00   2.0464067e+00   1.6084221e+00
   1.6497126e+00   2.1309745e+00   2.0103062e+00   2.1342851e+00   1.9356238e+00
   1.9239306e+00   1.9126012e+00   1.2371897e+00   2.1753951e+00   1.7485425e+00
   1.7576462e+00   2.0224023e+00   1.7281446e+00   2.2121243e+00   2.0815776e+00
   1.8673704e+00   7.6897649e-01   1.3820757e+00   1.0176031e+00   9.3990902e-01
   2.0427822e+00   8.1218434e-01   1.6794611e+00   1.1142308e+00   1.1289337e+00
   1.9323686e+00   1.0912504e+00   1.9242466e+00   1.4309890e+00   1.3722470e+00
   2.0533538e+00   1.8742533e+00   2.2397721e+00   1.8392333e+00   1.9040899e+00
   1.7321226e+00   1.2445823e+00   2.0908383e+00   1.6883686e+00   1.7251627e+00
   6.5009122e-01   1.3577947e+00   1.9265331e+00   1.1183407e+00   1.1076170e+00
   8.4794252e-01   1.3478583e+00   1.6302374e+00   1.1072557e+00   1.1072472e+00
   1.4392757e+00   1.7805475e+00   1.5303151e+00   1.9947482e+00   1.8634979e+00
   1.3329595e+00   1.8603361e+00   1.9722244e+00   1.8185194e+00   1.8469308e+00
   1.0979307e+00   1.2777644e+00   1.6762547e+00   1.9864080e+00   1.9929207e+00
   9.3820244e-01   1.1351487e+00   1.2600373e+00   1.1356870e+00   1.1393960e+00
   1.7598320e+00   1.8205846e+00   1.8941327e+00   1.8835736e+00   1.9602055e+00
   1.6398342e+00   1.7206759e+00   1.9288210e+00   1.7569923e+00   1.6745976e+00
   1.3578981e+00   1.2617503e+00   4.4294945e-01   8.4551367e-01   1.2373551e+00
   1.2576190e+00   1.2821251e+00   3.6406154e-01   1.1575568e+00   1.3891817e+00
   1.1782730e+00   1.5106791e+00   8.9570289e-01   1.1298587e+00   1.4855115e+00
   2.0223840e+00   1.0576859e+00   9.5415786e-01   1.2478293e+00   1.4034287e+00
   1.6842110e+00   1.4333350e+00   4.9220217e-01   1.0760566e+00   1.4094294e+00
   1.5316599e+00   1.3106691e+00   1.5676077e+00   1.3506275e+00   1.6844997e+00
   9.9791139e-01   8.9334588e-01   2.1270205e-01   6.3820291e-01   9.1291532e-01
   7.4986595e-01   1.0089563e+00   3.8736297e-01   5.3709826e-01   7.8804307e-01
   1.3972545e+00   9.9995002e-01   5.9492312e-01   9.7177738e-01   1.1547545e+00
   1.0956129e+00   7.1207726e-01   2.3297201e-01   5.0262684e-01   6.6801677e-01
   1.4628278e+00   1.6041391e+00   5.6792719e-01   1.5694048e+00   1.7377792e+00
   1.5670244e+00   1.2792375e+00   1.7188345e-01   4.4171616e-01   6.6062402e-01
   1.4686863e+00   1.8146626e+00   6.6315680e-01   1.5683984e+00   1.8396513e+00
   1.4311158e+00   1.5351829e+00   1.9990042e+00   1.8978787e+00   1.7599580e+00
   1.3581038e+00   1.6929098e+00   2.0429545e+00   1.8138473e+00   1.8567047e+00
   1.3820788e+00   1.7457552e+00   1.7154543e+00   1.4676976e+00   1.5468727e+00
   1.8224637e+00   1.5960606e+00   1.8051261e+00   1.9259018e+00   1.7768229e+00
   1.5252155e+00   1.7446675e+00   1.9318849e+00   1.5425787e+00   1.6324080e+00
   1.3582419e+00   1.9044137e+00   1.9127450e+00   1.5443893e+00   1.6911315e+00
   1.2475125e+00   1.4404075e+00   5.7385880e-01   1.0235307e+00   1.1272480e+00
   1.1550650e+00   1.7611639e+00   1.3842575e+00   1.6865886e+00   2.0142561e+00
   2.1215242e+00   2.1171366e+00   1.9583139e+00   1.9719974e+00   2.1062234e+00
   1.5001159e+00   1.2121165e+00   1.4751464e+00   1.4220153e+00   1.6292795e+00
   1.7028529e+00   1.6744982e+00   2.0436380e+00   2.0878980e+00   2.0876857e+00
   2.1454956e+00   1.5630290e+00   2.0878956e+00   1.8013596e+00   1.8745585e+00
   1.7562763e+00   1.8437110e+00   2.0794757e+00   1.7891585e+00   1.8102099e+00
   1.6880311e+00   1.5517212e+00   2.1413017e+00   1.7296831e+00   1.6723807e+00
   1.6820218e+00   1.7818455e+00   2.0608058e+00   1.8033200e+00   1.8510014e+00
   1.7567383e+00   1.8895593e+00   2.0420009e+00   1.9651287e+00   1.9247906e+00
   1.9171413e+00   1.5466597e+00   1.7660094e+00   1.9398267e+00   2.0407476e+00
   1.8211362e+00   1.2687753e+00   2.0339637e+00   1.5301765e+00   1.4749595e+00
   2.3470603e+00   1.4558768e+00   1.7073473e+00   1.7948135e+00   1.6978270e+00
   1.7814124e+00   1.4547111e+00   1.9989377e+00   1.7709500e+00   1.8855389e+00
   1.4376956e+00   1.5694436e+00   2.0906626e+00   1.5650753e+00   1.4867461e+00
   1.4870655e+00   1.4752636e+00   1.8632819e+00   1.6858092e+00   1.6165128e+00
   1.3027027e+00   1.5638070e+00   1.9554649e+00   1.5445363e+00   1.5853754e+00
   1.8317920e+00   1.5881706e+00   1.6775839e+00   1.9013791e+00   1.8234322e+00
   1.7652547e+00   1.8065623e+00   1.5726340e+00   1.5651561e+00   1.7984966e+00
   1.7832754e+00   1.5916523e+00   1.8260985e+00   1.4898759e+00   1.6129441e+00
   1.9991801e+00   1.8411615e+00   2.1747632e+00   1.5877963e+00   1.6129085e+00
   1.5383877e+00   1.4205680e+00   1.6786599e+00   1.2093808e+00   1.4333041e+00
   8.0211484e-01   1.1460459e+00   1.9037981e+00   1.0264414e+00   1.0033158e+00
   1.0010699e+00   1.6955137e+00   1.9952331e+00   1.5614158e+00   1.6027869e+00
   1.9419229e+00   1.9902606e+00   1.9396138e+00   1.9216358e+00   1.9311803e+00
   2.3431966e+00   1.9245378e+00   2.1256937e+00   2.0007296e+00   1.9878264e+00
   2.0864770e+00   1.9540066e+00   2.1637556e+00   1.8900668e+00   1.9321429e+00
   2.1052846e+00   2.0475422e+00   2.1144188e+00   1.8386324e+00   1.9323375e+00
   2.0058028e+00   1.8708630e+00   1.9582032e+00   1.9341898e+00   1.8915076e+00
   1.0702417e+00   8.5628877e-01   6.4025428e-01   1.1244010e+00   1.1889405e+00
   7.0177395e-01   1.0355682e+00   6.1142874e-01   1.0702574e+00   1.1779656e+00
   1.2473910e+00   1.8715681e+00   8.9080942e-01   1.9495103e+00   1.9612736e+00
   9.0186971e-01   1.0075342e+00   1.4076577e+00   1.0680181e+00   1.1473813e+00
   1.1621536e+00   1.8690777e+00   1.8003629e+00   2.1362563e+00   2.0296805e+00
   1.7259100e+00   1.4433926e+00   1.6619971e+00   1.7655861e+00   1.6369821e+00
   2.2937960e+00   1.7881423e+00   1.8926009e+00   1.7988762e+00   1.8339539e+00
   2.1752398e+00   1.8420947e+00   1.9118476e+00   1.9066936e+00   1.6884210e+00
   1.3108316e+00   1.8765331e+00   1.2606287e+00   2.1399148e+00   2.0607102e+00
   1.8102367e+00   8.4743242e-01   1.8516921e+00   9.6685641e-01   1.1111470e+00
   1.3209527e+00   1.7745828e+00   2.0633306e+00   1.9020891e+00   1.7535431e+00
   1.3401519e+00   1.4144796e+00   2.0301788e+00   1.5291486e+00   1.5673589e+00
   1.2047088e+00   1.8294859e+00   1.6595397e+00   1.4661126e+00   1.4531397e+00
   1.4701534e+00   1.5082105e+00   1.9572559e+00   1.7049087e+00   1.7534816e+00
   1.2532738e+00   1.7338254e+00   2.1926132e+00   1.3019905e+00   1.2163304e+00
   1.2620251e+00   1.4477740e+00   1.9128462e+00   1.6013094e+00   1.6515367e+00
   1.7123053e+00   1.8230165e+00   1.8768806e+00   1.8693361e+00   1.8722327e+00
   9.4104021e-01   1.3104574e+00   1.8891843e+00   1.1105874e+00   1.2835328e+00
   1.9550861e+00   1.6070713e+00   1.8301260e+00   1.9491601e+00   1.9876389e+00
   2.4738390e+00   1.7823806e+00   1.8074841e+00   1.9105942e+00   1.9751543e+00
   1.6751541e+00   1.6527972e+00   2.0396202e+00   2.0095488e+00   2.0304802e+00
   1.4571804e+00   1.4004338e+00   1.8733842e+00   1.7606110e+00   1.8995248e+00
   2.5310238e+00   1.6352133e+00   1.8030864e+00   1.8700812e+00   1.9567321e+00
   1.4254763e+00   1.7352405e+00   1.9262230e+00   1.8999831e+00   1.9598524e+00
   2.3320213e+00   1.7119283e+00   2.0542734e+00   1.8810763e+00   1.8894934e+00
   2.2797589e+00   1.9839601e+00   2.2262562e+00   1.9741348e+00   1.9261112e+00
   1.9678261e+00   1.9991594e+00   2.2400450e+00   1.9040607e+00   2.0992271e+00
   1.7259174e+00   1.7370567e+00   1.8796353e+00   1.7451367e+00   1.8875168e+00
   2.3904232e+00   1.6404891e+00   1.9712329e+00   1.7999713e+00   1.7837990e+00
   1.8143982e+00   1.3711695e+00   1.9122985e+00   1.3619602e+00   1.4217798e+00
   1.7646671e+00   2.1200863e+00   1.5608783e+00   1.9797945e+00   2.0433909e+00
   1.8876192e+00   2.1530198e+00   1.4923488e+00   1.7278942e+00   1.9952029e+00
   1.4156785e+00   2.0048980e+00   1.8256429e+00   2.0480501e+00   1.9902717e+00
   1.4292231e+00   1.9413266e+00   1.8564687e+00   2.2390619e+00   2.1309709e+00
   2.0498896e+00   1.6883766e+00   8.7843587e-01   1.4955737e+00   1.4435746e+00
   1.9857492e+00   1.9035088e+00   1.0244457e+00   1.2541526e+00   1.3786488e+00
   1.2573631e+00   8.0037951e-01   8.5809444e-01   5.0096532e-01   5.1656719e-01
   1.2718486e+00   6.4924555e-01   8.0990777e-01   5.2748821e-01   5.3671311e-01
   1.7735618e+00   1.7224253e+00   7.3050112e-01   9.6958548e-01   1.1194649e+00
   1.6367148e+00   1.7242299e+00   6.9003880e-01   1.1735176e+00   1.2306340e+00
   2.3030864e+00   1.7835861e+00   9.5132998e-01   1.0190474e+00   1.0682365e+00
   1.7926614e+00   1.6210558e+00   1.2091346e+00   9.6023802e-01   9.5673347e-01
   1.8385917e+00   1.1478491e+00   1.1715961e+00   1.1449387e+00   9.0263490e-01
   1.0730634e+00   1.1411218e+00   1.2609236e+00   1.0830226e+00   9.5701789e-01
   1.4243577e+00   1.0603464e+00   6.7950984e-01   6.7275511e-01   5.8454075e-01
   8.5828120e-01   9.9882764e-01   9.4701721e-01   6.8203342e-01   6.2438481e-01
   1.9570341e+00   1.6403142e+00   1.5424992e+00   2.0459370e+00   1.9294399e+00
   1.7031991e+00   1.8356423e+00   2.0089613e+00   1.9016773e+00   2.1012779e+00
   1.2770937e+00   9.1070946e-01   1.1495019e+00   7.1620911e-01   8.7267648e-01
   1.2117451e+00   1.3030020e+00   1.3275525e+00   8.2779872e-01   1.0632242e+00
   1.4977202e+00   1.1688426e+00   1.2494881e+00   8.3166548e-01   1.0653121e+00
   1.0572333e+00   1.0657747e+00   1.2887869e+00   8.2086147e-01   1.0106490e+00
   1.4851572e+00   1.8132087e+00   1.7106100e+00   1.9130405e+00   1.8425119e+00
   2.0087769e+00   1.2238150e+00   1.6918665e+00   2.0214007e+00   1.7481946e+00
   1.2083662e+00   1.3074187e+00   9.7387537e-01   9.9293871e-01   1.1768773e+00
   1.3612668e+00   1.5596448e+00   1.2288698e+00   1.2944520e+00   1.4327794e+00
   2.0111020e+00   1.4879976e+00   1.1440298e+00   1.2793006e+00   1.4852593e+00
   1.4358098e+00   1.8574037e+00   1.3614801e+00   1.6274599e+00   1.9449862e+00
   1.7394756e+00   2.0616922e+00   1.8096608e+00   1.9655795e+00   1.8691856e+00
   2.0382420e+00   2.1917336e+00   1.9936949e+00   1.8560208e+00   1.9224918e+00
   1.5331261e+00   1.5076490e+00   8.5136708e-01   9.4815575e-01   1.1554780e+00
   8.9353486e-01   1.6347469e+00   1.0882189e+00   9.5364891e-01   1.1445483e+00
