   3.7437569e-01   4.2875862e-01   1.0491854e-01   2.7505315e-01   3.0139615e-01
   2.8746959e-01   3.9180296e-01   8.1515302e-02   2.7868803e-01   2.7125694e-01
   4.0892096e-01   4.2622518e-01   1.5234714e-01   3.1082762e-01   2.8754860e-01
   3.8957228e-01   4.5459939e-01   1.4401735e-01   3.0263729e-01   3.0832967e-01
   3.3357859e-01   3.9436356e-01   1.5905724e-01   2.9623770e-01   2.7796769e-01
   3.7138431e-01   4.4539306e-01   1.7068816e-01   3.8328235e-01   3.7159918e-01
   4.1129168e-01   4.7683438e-01   1.3352820e-01   4.0871503e-01   4.1564329e-01
   3.2010463e-01   4.5015624e-01   1.5714029e-01   3.4899603e-01   3.2782577e-01
   3.7088636e-01   4.2970761e-01   1.7919029e-01   3.7391921e-01   3.4573643e-01
   3.9310951e-01   4.7361797e-01   1.7094134e-01   3.8738763e-01   3.9147065e-01
   3.8084778e-01   4.5251510e-01   1.7574810e-01   3.9039205e-01   3.9172089e-01
   3.1675380e-01   4.3700939e-01   1.6324932e-01   3.9929457e-01   3.8127320e-01
   4.1186901e-01   4.6680659e-01   1.7569389e-01   4.2643559e-01   4.3330797e-01
   2.5456436e-01   4.3561986e-01   1.6837386e-01   3.7157341e-01   3.5978827e-01
   3.1231666e-01   4.3688202e-01   1.8130378e-01   4.0484744e-01   3.9003838e-01
   4.1413270e-01   4.3949383e-01   1.7993468e-01   4.1977277e-01   4.1803223e-01
   2.7973977e-01   4.0104497e-01   1.5852207e-01   3.4363106e-01   3.4267812e-01
   3.4026794e-01   4.5529275e-01   1.8569296e-01   3.9114420e-01   3.7386542e-01
   2.9681946e-01   4.0053112e-01   1.7591266e-01   3.7207787e-01   3.5215934e-01
   3.9537255e-01   4.5778192e-01   1.7913408e-01   4.1443103e-01   3.9399791e-01
   3.7620170e-01   4.6335456e-01   1.8407314e-01   3.9533389e-01   3.9044744e-01
   4.0566034e-01   4.7466087e-01   1.7863600e-01   3.9491132e-01   3.9338274e-01
   2.1322399e-01   3.6645408e-01   1.6414974e-01   3.3333342e-01   3.3585764e-01
   3.3115325e-01   4.2280919e-01   1.7313773e-01   3.6674563e-01   3.6629562e-01
   3.6020710e-01   4.5601309e-01   1.8161997e-01   3.9418721e-01   3.9495542e-01
   3.1905205e-01   4.6692113e-01   1.6390677e-01   4.0527323e-01   4.1030182e-01
   2.8729253e-01   4.3987896e-01   1.8414887e-01   4.0247776e-01   3.7112844e-01
   3.2027009e-01   4.1563522e-01   1.7356328e-01   4.0813568e-01   4.0174620e-01
   3.6701771e-01   4.2868547e-01   1.7862244e-01   3.8199638e-01   3.9008382e-01
   3.6577701e-01   4.4138702e-01   1.7708225e-01   4.0184051e-01   4.0429320e-01
   3.8654774e-01   4.2800012e-01   1.7183439e-01   4.0728237e-01   3.9577670e-01
   4.0949722e-01   4.7716698e-01   1.5429777e-01   4.2823076e-01   4.2599706e-01
   3.7695153e-01   4.4980341e-01   1.6624852e-01   4.2727095e-01   4.2068156e-01
   3.9257201e-01   4.8321076e-01   1.4824014e-01   3.8693754e-01   3.9372447e-01
   3.4466232e-01   3.5365335e-01   1.1166914e-01   2.4770618e-01   2.4818074e-01
   3.6401087e-01   3.3350572e-01   1.4838022e-01   2.6374616e-01   2.7014081e-01
   4.1111533e-01   4.5856249e-01   1.6422302e-01   4.1691490e-01   4.1814831e-01
   3.9806790e-01   4.7155443e-01   1.5238941e-01   3.6769212e-01   3.9285892e-01
   3.6559100e-01   3.6194597e-01   1.2682264e-01   3.0275078e-01   2.9525895e-01
   3.7870270e-01   4.1000749e-01   1.4371455e-01   3.3924248e-01   3.3896805e-01
   3.9201892e-01   4.0444502e-01   1.4679361e-01   3.5385279e-01   3.3314663e-01
   3.7734222e-01   4.5924256e-01   1.4360724e-01   3.9027175e-01   3.6529085e-01
   3.5951237e-01   4.3224106e-01   1.4314352e-01   3.5796134e-01   3.4986068e-01
   3.4525838e-01   3.9622520e-01   1.2863917e-01   3.5320820e-01   3.4485570e-01
   3.8709858e-01   4.6167443e-01   1.6854573e-01   3.9590761e-01   3.7539328e-01
   3.5422786e-01   4.4965761e-01   1.4575608e-01   3.5162724e-01   3.5707810e-01
   3.2328156e-01   4.0173148e-01   1.1822619e-01   3.2046311e-01   3.0596521e-01
   3.7255206e-01   4.1328005e-01   1.6622537e-01   3.6926113e-01   3.7238410e-01
   3.7495289e-01   3.4064006e-01   1.0725184e-01   3.1208246e-01   3.2356460e-01
   3.2548350e-01   4.4969712e-01   1.5143852e-01   3.6007882e-01   3.4149167e-01
   3.4805841e-01   3.8897363e-01   1.4460961e-01   3.5734432e-01   3.3262246e-01
   3.4911553e-01   4.0556448e-01   1.5105056e-01   3.7068362e-01   3.2819591e-01
   3.7202256e-01   4.2189262e-01   1.5619379e-01   3.9006124e-01   4.0629298e-01
   3.7843676e-01   4.2104670e-01   1.5276984e-01   4.0065785e-01   3.9176639e-01
   4.0189842e-01   4.2063646e-01   1.3490054e-01   4.0035478e-01   3.8958401e-01
   4.0566034e-01   4.5779140e-01   1.3828389e-01   4.1486000e-01   4.2182203e-01
   3.2227209e-01   4.1251783e-01   1.5505335e-01   3.5288602e-01   3.1942303e-01
   3.1999934e-01   3.4076664e-01   1.4588648e-01   3.9602842e-01   3.9124321e-01
   3.2935184e-01   3.4777908e-01   1.5018261e-01   3.6305441e-01   3.6669773e-01
   3.7339344e-01   4.1200303e-01   1.5661506e-01   4.0807471e-01   3.8305790e-01
   3.2670645e-01   4.0164615e-01   1.4856061e-01   3.6373288e-01   3.6976195e-01
   3.6411925e-01   4.3482588e-01   1.3806002e-01   4.1265542e-01   4.1559695e-01
   3.9779812e-01   4.5351277e-01   1.6671941e-01   4.1841986e-01   4.1587503e-01
   3.9549927e-01   4.4952508e-01   1.4430485e-01   4.1571836e-01   4.1963511e-01
   3.8565113e-01   4.3011113e-01   1.3825136e-01   4.2023433e-01   4.1425375e-01
   3.3924745e-01   4.0729344e-01   1.5934604e-01   4.0563829e-01   4.0390279e-01
   3.9744907e-01   4.0356463e-01   1.5059927e-01   4.0533406e-01   3.9174364e-01
   3.9706840e-01   4.2622780e-01   1.6082509e-01   4.0682547e-01   4.0420133e-01
   3.4767559e-01   3.4322008e-01   7.4460720e-02   1.7270550e-01   2.0848921e-01
   3.5090974e-01   4.1744315e-01   1.3054057e-01   2.8440654e-01   2.9515222e-01
   3.3095636e-01   4.4119690e-01   1.4115521e-01   3.4969723e-01   3.5581360e-01
   3.4692553e-01   4.4618563e-01   1.5398444e-01   4.0966085e-01   4.1242649e-01
   3.4032888e-01   4.5381749e-01   1.7001185e-01   4.2405635e-01   4.0859539e-01
   3.4505967e-01   4.0981338e-01   1.4842628e-01   3.9781171e-01   3.8059607e-01
   3.4428036e-01   4.4978761e-01   1.7124093e-01   4.1762109e-01   4.0332889e-01
   3.4438730e-01   4.2802941e-01   1.5417282e-01   3.6385091e-01   3.4261219e-01
   3.6472326e-01   4.5007747e-01   1.5364038e-01   4.0114291e-01   3.7969375e-01
   3.5201495e-01   4.4251368e-01   1.6468587e-01   4.1195199e-01   4.0891805e-01
   3.2323634e-01   3.9699283e-01   1.5115618e-01   3.7766879e-01   3.5271243e-01
   3.5285977e-01   4.2792248e-01   1.7236997e-01   4.0026387e-01   4.0896415e-01
   3.8753942e-01   4.2115834e-01   1.7448616e-01   4.0174950e-01   4.0133364e-01
   3.8574548e-01   3.7532069e-01   1.6835262e-01   3.9539427e-01   3.9979914e-01
   3.8654774e-01   4.3804052e-01   1.7850423e-01   3.7802642e-01   3.7382051e-01
   3.5832438e-01   3.9182959e-01   1.5854325e-01   4.1375723e-01   3.9924990e-01
   3.8960382e-01   4.3382675e-01   1.7338725e-01   4.0290277e-01   4.0824976e-01
   3.5766138e-01   4.3817024e-01   1.4633138e-01   3.7261220e-01   3.6279314e-01
   3.2421626e-01   4.4167914e-01   1.3126434e-01   3.8726759e-01   3.7094915e-01
   3.6869439e-01   4.0887515e-01   1.4549532e-01   3.7564395e-01   3.7714788e-01
   3.1797012e-01   4.1593612e-01   1.5299274e-01   3.6420505e-01   3.6045548e-01
   3.9388452e-01   4.4469428e-01   1.6434451e-01   3.7781779e-01   3.8788147e-01
   3.6385604e-01   4.4608909e-01   1.6447179e-01   3.7258251e-01   3.6759171e-01
   3.6408828e-01   4.1928849e-01   1.5005205e-01   3.3770510e-01   3.2834834e-01
   3.6999983e-01   4.4469425e-01   1.5763289e-01   3.9174623e-01   3.9598209e-01
   3.3850156e-01   4.2381987e-01   1.4278524e-01   3.8645761e-01   3.4926450e-01
   3.6421216e-01   4.2721687e-01   1.5691903e-01   4.0344942e-01   3.9406629e-01
   3.8131795e-01   4.6034012e-01   1.5659390e-01   4.0305460e-01   3.8414341e-01
   3.5763055e-01   4.4953465e-01   1.1763038e-01   4.0235636e-01   3.5428435e-01
   3.7376755e-01   4.4669569e-01   1.1735249e-01   3.1960303e-01   3.5419575e-01
   3.7578010e-01   4.5451320e-01   1.5024789e-01   4.0457380e-01   3.9929566e-01
   3.9529336e-01   4.7471485e-01   1.3117076e-01   4.0357093e-01   4.2838241e-01
   3.6076312e-01   2.7635134e-01   1.3405567e-01   2.5784061e-01   2.4905536e-01
   4.1188505e-01   3.5541362e-01   1.4488182e-01   3.2043443e-01   3.2482437e-01
   4.0191433e-01   4.0198861e-01   1.5988712e-01   3.8597785e-01   3.8602249e-01
   3.9967187e-01   3.8476266e-01   1.4998677e-01   3.3912640e-01   3.3458900e-01
   3.7612362e-01   4.4707632e-01   1.5155376e-01   3.8418026e-01   3.9199393e-01
   3.2245284e-01   3.8667048e-01   1.7841122e-01   3.8762774e-01   3.8003205e-01
   3.9053462e-01   4.4781861e-01   1.4447160e-01   4.0481704e-01   3.9924990e-01
   3.9597457e-01   4.2896209e-01   1.1790258e-01   3.8681754e-01   3.7440448e-01
   3.9814726e-01   4.0413814e-01   1.3161959e-01   3.8906928e-01   3.7627030e-01
   3.9304626e-01   4.4341296e-01   1.4469587e-01   4.0676457e-01   4.0700628e-01
   3.7227171e-01   3.3569097e-01   1.3261103e-01   4.0944721e-01   3.9961604e-01
   3.8594993e-01   4.5979967e-01   1.6068062e-01   4.1082118e-01   4.1640819e-01
   3.7379873e-01   4.3845699e-01   1.5434968e-01   4.0093068e-01   3.9468178e-01
   3.6271089e-01   4.2144436e-01   6.7358838e-02   2.6875082e-01   3.3188019e-01
   3.0766746e-01   3.4461400e-01   7.3114884e-02   2.5966860e-01   2.9540838e-01
   3.3488378e-01   3.9500627e-01   4.8442881e-02   2.8682271e-01   3.3308110e-01
   3.7206927e-01   4.5454757e-01   5.5072582e-02   3.6707091e-01   3.9342829e-01
   3.0778689e-01   3.7712169e-01   1.4231588e-01   3.3324669e-01   3.7442694e-01
   3.0495269e-01   2.8182727e-01   2.6478387e-02   1.8557867e-01   2.6391931e-01
   3.1195742e-01   3.6563440e-01   3.0339415e-02   2.3332174e-01   3.3585764e-01
   3.6439799e-01   3.9190457e-01   6.7324893e-02   2.6266353e-01   3.2117810e-01
   2.4301137e-01   4.1229103e-01   2.9768192e-02   1.3596400e-01   1.9645172e-01
   2.6889926e-01   3.1243074e-01   3.0717110e-02   1.3791844e-01   2.1233727e-01
   2.7862351e-01   3.1177369e-01   5.4818377e-02   2.8468732e-01   3.6165723e-01
   3.6987545e-01   4.6771526e-01   7.1042849e-02   4.3899462e-01   4.0721345e-01
   4.0781719e-01   4.5447077e-01   1.1028174e-01   4.2959435e-01   4.2359297e-01
   3.7245860e-01   4.4793195e-01   1.7755100e-01   3.8888900e-01   3.8999293e-01
   3.5112458e-01   3.9952053e-01   1.5313494e-01   4.0914209e-01   3.9895250e-01
   3.6951792e-01   4.3182199e-01   1.6711315e-01   4.1024088e-01   4.0771999e-01
   3.7612362e-01   4.4803245e-01   1.7525061e-01   3.7978612e-01   3.9831215e-01
   3.5968216e-01   4.2275619e-01   1.7281474e-01   3.8139866e-01   3.9762641e-01
   3.7989226e-01   4.4484571e-01   1.5843353e-01   4.2044978e-01   3.9918126e-01
   3.6028431e-01   4.4767714e-01   1.4231588e-01   3.7362206e-01   3.7568556e-01
   4.0673033e-01   3.2679853e-01   1.4350184e-01   2.7776465e-01   3.2018116e-01
   3.7726407e-01   4.2753984e-01   1.6722704e-01   3.9593781e-01   3.9579952e-01
   3.7359607e-01   4.4922475e-01   1.7661552e-01   4.0905056e-01   4.1247271e-01
   3.5238354e-01   4.3752403e-01   1.7649352e-01   3.9213769e-01   3.8434704e-01
   3.8000188e-01   4.4600723e-01   1.8047952e-01   4.1467614e-01   4.0394872e-01
   3.4492211e-01   4.0522675e-01   1.7216501e-01   3.8762774e-01   3.7989672e-01
   3.4989735e-01   4.2506727e-01   1.5932101e-01   3.8837835e-01   3.6933659e-01
   3.9385288e-01   4.1992960e-01   1.6331680e-01   3.3889426e-01   3.5109798e-01
   3.3085035e-01   4.1052431e-01   1.7149415e-01   3.9093356e-01   3.9301832e-01
   4.1406842e-01   4.4897620e-01   1.4659797e-01   3.4165318e-01   3.7070267e-01
   3.9751253e-01   4.3416119e-01   1.8431003e-01   3.9439836e-01   3.8434704e-01
   3.7610800e-01   4.3127474e-01   1.7961092e-01   3.5602301e-01   3.6774821e-01
   4.1514543e-01   4.3922425e-01   1.2153039e-01   3.9923401e-01   4.0986346e-01
   3.6752982e-01   4.7067127e-01   1.6641062e-01   4.2294553e-01   4.2985801e-01
   3.9698911e-01   4.4697768e-01   1.6339777e-01   4.1103504e-01   4.1295820e-01
   2.3355918e-01   2.6903370e-01   7.8745428e-02   2.0972522e-01   2.3272710e-01
   3.8097315e-01   4.0289753e-01   1.0355212e-01   2.6252478e-01   2.8124750e-01
   3.1558339e-01   4.3578170e-01   8.7041814e-02   2.5175938e-01   2.8642254e-01
   2.7530806e-01   3.8514128e-01   1.1710316e-01   3.0544823e-01   3.2113475e-01
   3.8473939e-01   4.6540001e-01   1.3216399e-01   3.9433803e-01   4.2238100e-01
   3.9034525e-01   4.6825614e-01   1.5711913e-01   3.9569621e-01   3.7287770e-01
   3.7141543e-01   3.7364093e-01   1.2044267e-01   2.6427382e-01   2.8016769e-01
   3.5809307e-01   4.1489641e-01   1.2960312e-01   3.1094166e-01   3.5878803e-01
   3.6557550e-01   3.9454924e-01   1.0676762e-01   2.9485329e-01   3.1717240e-01
   3.9773465e-01   4.4933330e-01   1.4066310e-01   3.7463264e-01   3.5545885e-01
   3.5886425e-01   4.1588544e-01   1.2561335e-01   3.7009074e-01   3.5807717e-01
   3.9922701e-01   4.5219420e-01   1.5642270e-01   4.1412472e-01   4.1009416e-01
   3.7767049e-01   4.2627457e-01   1.6420759e-01   4.0481704e-01   4.0275523e-01
   3.9369468e-01   4.5328681e-01   1.7037897e-01   4.1213546e-01   4.1207983e-01
   3.8252547e-01   4.5408267e-01   1.6606135e-01   4.1250247e-01   4.1101734e-01
   3.9107130e-01   4.3087894e-01   1.7524287e-01   3.9569621e-01   3.9984492e-01
   3.8709858e-01   4.4145506e-01   1.7522545e-01   4.0229566e-01   4.0192960e-01
   3.3019931e-01   4.5246041e-01   1.1411809e-01   3.9796294e-01   4.0225062e-01
   3.9619643e-01   2.9555103e-01   1.3134455e-01   2.8471541e-01   3.1641567e-01
   3.7615485e-01   4.3261039e-01   1.2228682e-01   3.9729763e-01   3.9993649e-01
   3.9378960e-01   4.5447236e-01   7.1167380e-02   3.8600783e-01   3.9251741e-01
   3.8117689e-01   4.5897977e-01   1.5646502e-01   4.1749825e-01   4.1335135e-01
   3.8109852e-01   4.5039514e-01   1.7569777e-01   4.0588173e-01   4.0135656e-01
   3.6737462e-01   4.1327931e-01   1.4436810e-01   3.6520892e-01   3.5443942e-01
   3.7054413e-01   4.3448864e-01   1.6961193e-01   4.0880653e-01   4.0896415e-01
   3.7906259e-01   4.5810293e-01   1.3797392e-01   4.0746518e-01   4.0599396e-01
   3.7909389e-01   4.5487970e-01   1.5832574e-01   4.0077910e-01   3.9760356e-01
   3.3894296e-01   4.4451350e-01   1.7324605e-01   3.9566602e-01   4.0286994e-01
   3.8656347e-01   4.4787791e-01   1.3632886e-01   3.9950654e-01   3.9449938e-01
   3.8033078e-01   4.5383282e-01   1.7760524e-01   4.1011875e-01   4.1457784e-01
   3.9651344e-01   4.3478288e-01   1.7711905e-01   4.0335830e-01   4.1057875e-01
   3.6128845e-01   4.2151809e-01   1.7448616e-01   4.0999662e-01   4.0735158e-01
   3.7740474e-01   4.5940517e-01   1.7171453e-01   4.1002715e-01   4.0507435e-01
   3.3423105e-01   4.2369465e-01   1.5755977e-01   3.8295327e-01   3.8116032e-01
   4.0451148e-01   4.3364781e-01   1.7987652e-01   4.0545575e-01   4.1009416e-01
   3.7754543e-01   4.3947297e-01   1.7369676e-01   4.0902006e-01   4.1476307e-01
   3.6569950e-01   4.2964270e-01   1.5687478e-01   3.7582250e-01   3.7413492e-01
   3.7665467e-01   4.5197014e-01   1.6432908e-01   4.0217427e-01   4.0539614e-01
   3.6647477e-01   4.1778945e-01   1.7154441e-01   3.9138498e-01   3.9256294e-01
   4.0102325e-01   4.3573587e-01   1.6856118e-01   4.1427786e-01   4.1684879e-01
   3.9402692e-01   4.6258646e-01   1.5345588e-01   4.0880653e-01   4.1872888e-01
   3.9388452e-01   4.5343162e-01   1.7622824e-01   4.1587170e-01   4.0622397e-01
   3.9664027e-01   4.6002987e-01   1.7212634e-01   4.0770896e-01   3.9957026e-01
   3.6838374e-01   4.1501718e-01   1.6872147e-01   3.8756771e-01   3.7541576e-01
   3.7143100e-01   4.6325848e-01   1.7358649e-01   4.2485922e-01   4.2035591e-01
   3.7035749e-01   4.4643651e-01   1.8447509e-01   3.8825822e-01   4.0124198e-01
   3.5763055e-01   4.4348526e-01   1.6972591e-01   3.8229533e-01   3.8269625e-01
   3.9047149e-01   4.4580151e-01   1.5901103e-01   4.0755659e-01   4.1037104e-01
   3.9624398e-01   4.6366723e-01   1.5042838e-01   4.2680679e-01   4.2210148e-01
   3.8651627e-01   4.7410872e-01   1.3547983e-01   4.1492129e-01   4.2651116e-01
   3.3806028e-01   4.0396393e-01   1.8422459e-01   3.2327588e-01   3.3789402e-01
   3.8029945e-01   4.2279422e-01   1.4683964e-01   4.1817403e-01   4.1272699e-01
   2.5627614e-01   3.7385880e-01   7.6465818e-02   2.4944228e-01   2.7558029e-01
   2.7192536e-01   3.0514922e-01   6.8143397e-02   2.3984304e-01   2.4709840e-01
   3.9252459e-01   4.0121814e-01   1.3561750e-01   2.9943452e-01   2.7214189e-01
   4.0847294e-01   4.3398104e-01   1.7138590e-01   3.8486906e-01   3.5932140e-01
   3.5568959e-01   4.1747953e-01   1.3271420e-01   3.0116271e-01   3.1479529e-01
   3.1672378e-01   3.7389412e-01   1.6043407e-01   2.9299032e-01   2.6799463e-01
   4.1743107e-01   4.7979903e-01   1.5162483e-01   4.1415534e-01   4.3063165e-01
   3.9771878e-01   4.2501377e-01   1.8030501e-01   3.8675755e-01   3.5470529e-01
   2.6226447e-01   4.5138002e-01   1.5643808e-01   3.5552416e-01   3.5778848e-01
   3.1933768e-01   4.6580089e-01   1.7001764e-01   3.5028182e-01   3.9415745e-01
   3.6925372e-01   4.5403130e-01   1.7595912e-01   3.7999505e-01   3.7240653e-01
   3.7946954e-01   4.6565797e-01   1.6135872e-01   3.7972643e-01   3.8808566e-01
   3.3124413e-01   4.5292473e-01   1.7370256e-01   3.9884045e-01   3.9536600e-01
   3.9821075e-01   4.6738488e-01   1.3853456e-01   3.9630030e-01   3.8452807e-01
   3.3127443e-01   4.5248100e-01   1.8586199e-01   4.0390513e-01   3.8801760e-01
   2.9563317e-01   3.9917975e-01   1.6304691e-01   3.4601961e-01   3.3507008e-01
   4.1247868e-01   4.6311163e-01   1.7202193e-01   4.0585130e-01   3.9808353e-01
   3.2539295e-01   4.5201149e-01   1.8367901e-01   3.5931382e-01   3.5785509e-01
   3.4646649e-01   4.6406851e-01   1.8504608e-01   3.8735762e-01   3.7969375e-01
   3.6655232e-01   4.3765609e-01   1.5873959e-01   3.6577022e-01   3.5883247e-01
   3.0586210e-01   3.8998824e-01   1.7450164e-01   3.3148424e-01   3.7164402e-01
   2.1087758e-01   4.0425893e-01   1.7307004e-01   3.0340345e-01   3.0585781e-01
   3.3497488e-01   4.3639025e-01   1.8185084e-01   3.7927886e-01   3.6909038e-01
   2.6325460e-01   4.5381148e-01   1.5868954e-01   3.9295109e-01   4.0179205e-01
   3.0751818e-01   4.5434688e-01   1.8480719e-01   3.9696510e-01   3.8790416e-01
   3.0692121e-01   4.3154104e-01   1.8177129e-01   3.7121742e-01   3.4955152e-01
   2.9443288e-01   4.1102350e-01   1.7346656e-01   3.6278901e-01   3.6408606e-01
   2.9659697e-01   4.6315553e-01   1.7075967e-01   4.0275097e-01   4.0126489e-01
   3.8214899e-01   4.2809612e-01   1.7808957e-01   3.5479087e-01   3.7375315e-01
   3.7248975e-01   4.4427646e-01   1.8056873e-01   4.0527323e-01   3.9895250e-01
   2.5340466e-01   4.5642800e-01   1.3084801e-01   4.1345108e-01   4.1650094e-01
   2.9529226e-01   3.6555797e-01   1.2808954e-01   2.8867918e-01   2.9760861e-01
   3.5310562e-01   4.6831318e-01   1.5569564e-01   4.1617844e-01   4.2317331e-01
   3.9258781e-01   4.6879482e-01   1.3612232e-01   4.0062754e-01   4.1984433e-01
   4.1393989e-01   3.6973335e-01   1.4718491e-01   3.5881384e-01   3.5683399e-01
   4.0920906e-01   4.5999650e-01   1.6431558e-01   4.1685352e-01   4.1986758e-01
   3.4919216e-01   4.6051335e-01   1.5705948e-01   4.1811258e-01   4.1453153e-01
   3.3688923e-01   4.2428798e-01   1.4784679e-01   3.9747905e-01   4.0076086e-01
   3.7887481e-01   2.7724690e-01   1.4537644e-01   3.1645334e-01   3.2028950e-01
   4.0941717e-01   3.8371195e-01   1.5415552e-01   3.8265417e-01   3.7557314e-01
   3.9984667e-01   3.9538209e-01   1.5240670e-01   3.8726759e-01   3.8758659e-01
   3.8011150e-01   4.0318919e-01   1.6426544e-01   3.7918936e-01   3.8840336e-01
   4.0649070e-01   4.4342686e-01   1.6198879e-01   4.0566872e-01   3.9447658e-01
   3.8331014e-01   4.0484905e-01   1.4757627e-01   3.8109990e-01   3.6806127e-01
   3.4887033e-01   3.3853476e-01   1.6059779e-01   2.9810415e-01   3.0083927e-01
   2.8247457e-01   4.1008323e-01   1.5804473e-01   3.3287092e-01   3.2007284e-01
   3.5630549e-01   4.4058882e-01   1.5408247e-01   4.0795278e-01   3.9379282e-01
   3.4415815e-01   4.3334518e-01   1.4200365e-01   3.8843842e-01   3.7386542e-01
   3.7188243e-01   4.3620372e-01   1.4434318e-01   3.9666288e-01   3.8299008e-01
   3.0292691e-01   3.9227898e-01   1.3255371e-01   3.4820758e-01   3.5969933e-01
   3.4374577e-01   3.8799041e-01   1.6754363e-01   3.2293119e-01   3.2654187e-01
   3.1540340e-01   4.4821124e-01   1.3565192e-01   3.9258952e-01   3.6462140e-01
   3.5625928e-01   4.1292427e-01   1.5070105e-01   3.8525853e-01   3.4390950e-01
   2.3820092e-01   3.5549728e-01   1.4185808e-01   2.7089571e-01   2.8332422e-01
   3.1762465e-01   4.1691789e-01   1.5013845e-01   3.6441167e-01   3.6176856e-01
   3.2004446e-01   4.1247150e-01   1.5708642e-01   3.8343196e-01   3.5517068e-01
   3.4269243e-01   4.2094563e-01   1.4625659e-01   3.9953683e-01   3.9260847e-01
   3.5886425e-01   3.6170760e-01   1.4489715e-01   3.9793269e-01   3.8819912e-01
   3.4730816e-01   3.4897078e-01   1.4990230e-01   3.7960706e-01   3.6913514e-01
   2.3756802e-01   4.1756768e-01   1.4496042e-01   3.2479913e-01   3.2843545e-01
   3.7074635e-01   4.3079560e-01   1.4539561e-01   3.5148094e-01   3.5474960e-01
   3.4767559e-01   4.4064381e-01   1.3749946e-01   4.0326718e-01   3.9623318e-01
   3.7308176e-01   4.2894706e-01   1.4509653e-01   4.1277780e-01   4.2287031e-01
   3.5938889e-01   3.7996953e-01   1.5480917e-01   4.0354055e-01   4.0790423e-01
   3.9970365e-01   4.3802898e-01   1.5367306e-01   4.0697776e-01   4.0507435e-01
   3.7943823e-01   4.2006013e-01   1.3489099e-01   4.0053661e-01   4.0440804e-01
   4.0301311e-01   3.7123910e-01   1.4954139e-01   4.1137118e-01   4.0204424e-01
   3.6464581e-01   4.3443629e-01   1.5254119e-01   4.0819665e-01   4.1606045e-01
   3.9045571e-01   4.3466329e-01   1.3519113e-01   4.0752612e-01   4.1397602e-01
   3.8738196e-01   4.4568374e-01   1.5825645e-01   4.0859304e-01   4.1858952e-01
   3.3660040e-01   3.3604021e-01   1.1496641e-01   2.4478842e-01   2.6702754e-01
   3.4864050e-01   4.5647907e-01   1.4854334e-01   3.8217574e-01   3.8421129e-01
   3.6877206e-01   4.4807760e-01   1.5777722e-01   4.0944721e-01   4.1046335e-01
   3.5470468e-01   4.1278495e-01   1.6498291e-01   3.4532013e-01   3.7186825e-01
   3.5402794e-01   4.3869149e-01   1.5330790e-01   4.1106559e-01   4.1101734e-01
   3.8045610e-01   4.3388695e-01   1.7175319e-01   4.0658186e-01   4.0516629e-01
   3.7752980e-01   4.0700682e-01   1.7145549e-01   3.8038314e-01   4.0025701e-01
   3.6114937e-01   4.4721928e-01   1.5749049e-01   3.9769073e-01   3.9831215e-01
   3.7556154e-01   4.3368952e-01   1.4487607e-01   4.1387972e-01   4.0186082e-01
   3.7052857e-01   4.3705276e-01   1.6836421e-01   3.8834832e-01   3.9151615e-01
   3.6576151e-01   4.4798184e-01   1.5055319e-01   4.1992661e-01   4.0546511e-01
   3.7147769e-01   4.4962462e-01   1.7095100e-01   4.0563829e-01   3.9790067e-01
   3.6618012e-01   3.9061060e-01   1.3254798e-01   3.9436820e-01   3.7101638e-01
   3.6804211e-01   4.4795789e-01   1.5730192e-01   4.0926413e-01   4.0818065e-01
   3.7439128e-01   4.0793862e-01   1.8132706e-01   3.7716230e-01   3.8274145e-01
   3.6706426e-01   4.1195001e-01   1.6012977e-01   4.1391034e-01   4.0337479e-01
   3.1894683e-01   4.5115960e-01   1.4531701e-01   4.1832767e-01   4.1221848e-01
   3.9378960e-01   3.8876944e-01   1.6107937e-01   3.9956711e-01   4.0296172e-01
   3.6844586e-01   3.5986586e-01   1.3494834e-01   3.8780785e-01   3.7687780e-01
   3.0651837e-01   3.8769842e-01   1.4689718e-01   3.3151311e-01   3.2313043e-01
   2.9723485e-01   4.0765060e-01   1.2266033e-01   3.8415032e-01   3.6857573e-01
   3.9917935e-01   4.3132620e-01   1.4835144e-01   4.2319229e-01   4.0712137e-01
   3.6020710e-01   4.0683759e-01   1.5082395e-01   3.3556115e-01   3.3305925e-01
   3.9863939e-01   4.5795626e-01   1.6506971e-01   4.2134275e-01   4.1457784e-01
   3.8216467e-01   4.4068419e-01   1.5134632e-01   3.9923401e-01   3.9235807e-01
   3.7105751e-01   4.5830461e-01   1.4504668e-01   4.1201314e-01   4.0884890e-01
   3.9051884e-01   4.4763640e-01   1.7018767e-01   4.1302259e-01   4.0974813e-01
   3.8999815e-01   4.6657627e-01   1.6673292e-01   4.2550807e-01   4.1497149e-01
   3.5951237e-01   4.1107143e-01   1.6026458e-01   3.9457938e-01   3.7296746e-01
   3.3304773e-01   3.9923155e-01   1.5535333e-01   3.8591790e-01   3.9144791e-01
   3.0178103e-01   4.0322157e-01   1.5733078e-01   3.0854852e-01   3.0041102e-01
   4.1222194e-01   4.7705185e-01   1.1852318e-01   4.3077321e-01   4.2026288e-01
   4.0003740e-01   4.8137792e-01   1.5563795e-01   4.2792106e-01   4.3401323e-01
   4.0988154e-01   4.6729625e-01   1.2347986e-01   4.2984243e-01   4.2609052e-01
   4.1416484e-01   4.6252260e-01   1.4580786e-01   4.2445772e-01   4.3133538e-01
   3.6689360e-01   2.5104697e-01   1.2946949e-01   2.7712136e-01   2.6198969e-01
   3.9080293e-01   2.6747735e-01   1.4504477e-01   3.0019924e-01   3.0828665e-01
   3.9929055e-01   3.4246492e-01   1.5879542e-01   3.4736118e-01   3.3857342e-01
   3.8243134e-01   4.4526464e-01   1.6113717e-01   3.9060261e-01   3.9317774e-01
   3.3641802e-01   3.6674041e-01   1.6751274e-01   3.6370337e-01   3.6636263e-01
   1.7285590e-01   3.8556045e-01   1.5532064e-01   2.9242618e-01   2.9387200e-01
   2.2742366e-01   3.8813956e-01   1.4376055e-01   2.9358287e-01   2.9664700e-01
   3.3397307e-01   4.4986274e-01   1.3915653e-01   4.0509073e-01   3.8717839e-01
   3.1360459e-01   4.5444943e-01   1.6909230e-01   3.8507876e-01   3.9365611e-01
   2.8409385e-01   3.7866080e-01   1.4700652e-01   4.1021035e-01   4.1682560e-01
   2.5341915e-01   3.4649931e-01   1.2559237e-01   3.0584611e-01   3.0891054e-01
   3.6554450e-01   4.5686026e-01   1.6246673e-01   3.9926429e-01   4.1524943e-01
   4.0821700e-01   4.5881151e-01   1.6548639e-01   4.1048519e-01   4.1773046e-01
   3.3473195e-01   3.8815904e-01   5.1821163e-02   2.3723763e-01   3.1401808e-01
   3.2138368e-01   3.8115587e-01   4.3305090e-02   3.0388602e-01   3.3642668e-01
   3.1586841e-01   4.1738256e-01   9.6939852e-02   3.0130444e-01   3.5070016e-01
   3.9973543e-01   3.3510889e-01   1.0210642e-01   3.1819923e-01   3.4004282e-01
   4.0068925e-01   4.1516191e-01   5.8264885e-02   2.9076300e-01   3.4239241e-01
   3.5858658e-01   3.8587264e-01   1.3903787e-01   3.3924248e-01   3.7162160e-01
   2.7536669e-01   2.8601956e-01   2.4558507e-02   1.8845048e-01   2.5335058e-01
   2.1097708e-01   3.2924029e-01   4.6090973e-02   1.5547779e-01   2.2387802e-01
   3.4157882e-01   3.1129613e-01   6.8428197e-02   2.6455159e-01   3.0753398e-01
   2.8822225e-01   2.3691183e-01   2.6707583e-02   1.4587922e-01   1.9179483e-01
   3.4470816e-01   4.3451073e-01   6.5955891e-02   3.8050257e-01   4.1810188e-01
   3.7440688e-01   3.9463369e-01   2.0150210e-02   1.2660205e-01   1.9195738e-01
   3.4556414e-01   4.5437445e-01   7.7113546e-02   3.7856304e-01   3.9945584e-01
   3.3540008e-01   4.0953203e-01   1.6416324e-01   4.0023357e-01   3.8448281e-01
   3.2910979e-01   4.3312985e-01   1.6274235e-01   4.0740424e-01   3.9998227e-01
   3.6404183e-01   4.4906531e-01   1.7279347e-01   3.8435991e-01   3.9185740e-01
   3.7068412e-01   4.2751778e-01   1.5539179e-01   4.0168882e-01   3.9449938e-01
   3.6891188e-01   4.4215831e-01   1.6037822e-01   4.0177983e-01   4.0335184e-01
   3.5743017e-01   4.5396773e-01   1.6514108e-01   4.0132486e-01   3.9744361e-01
   3.2072145e-01   4.0958121e-01   6.8003830e-02   2.7513695e-01   2.9707432e-01
   2.9698264e-01   4.4773958e-01   1.3169408e-01   3.7856304e-01   3.9570824e-01
   4.0196209e-01   4.6942354e-01   1.5145196e-01   3.9608884e-01   4.0606296e-01
   3.8008018e-01   3.6070266e-01   1.3594448e-01   3.3895229e-01   3.6216940e-01
   3.6788685e-01   4.2164179e-01   1.6360213e-01   3.9584721e-01   3.9673549e-01
   3.6908279e-01   4.1286875e-01   1.6619642e-01   3.6923151e-01   3.7696782e-01
   3.5137015e-01   4.3431556e-01   1.6889916e-01   3.8074147e-01   3.8459596e-01
   3.2767339e-01   4.0723350e-01   1.6516230e-01   3.7175143e-01   3.6152366e-01
   3.4179232e-01   4.3620139e-01   1.6965636e-01   3.9177634e-01   3.8654365e-01
   3.5232210e-01   4.5572346e-01   1.5746355e-01   4.0068816e-01   3.9982203e-01
   3.6990655e-01   4.0667713e-01   1.7663876e-01   4.0138551e-01   4.0424726e-01
   3.5829354e-01   3.7182289e-01   1.5722880e-01   3.5578824e-01   3.4452557e-01
   3.8464511e-01   3.9835908e-01   1.4442368e-01   3.7832452e-01   3.6893373e-01
   3.5732229e-01   3.9707340e-01   1.6510829e-01   3.7811584e-01   3.8602249e-01
   3.1905205e-01   4.1549528e-01   1.6073841e-01   3.5323750e-01   3.4448155e-01
   3.3623565e-01   4.1542522e-01   1.5336940e-01   3.6967587e-01   3.6920229e-01
   3.1138877e-01   4.1601379e-01   1.5888205e-01   3.5646332e-01   3.5938809e-01
   3.6254074e-01   4.1567298e-01   1.4173933e-01   3.9690465e-01   3.8441493e-01
   3.5795430e-01   4.5406652e-01   1.8243099e-01   3.9793269e-01   4.1092500e-01
   3.6411925e-01   4.4323739e-01   1.7396761e-01   3.9479060e-01   3.9698671e-01
   4.0403309e-01   4.4807482e-01   1.6399933e-01   3.7068362e-01   3.7728294e-01
   3.6113392e-01   4.1618793e-01   1.4842436e-01   3.2707235e-01   3.6272630e-01
   2.0796553e-01   3.4223893e-01   1.5252774e-01   2.7695358e-01   2.7172043e-01
   2.5465136e-01   4.2687050e-01   1.6837386e-01   3.5520147e-01   3.6377387e-01
   3.9477081e-01   4.5631988e-01   1.5972536e-01   4.1654662e-01   4.1650094e-01
   3.8883127e-01   4.5193038e-01   1.6637975e-01   4.0868453e-01   4.0859539e-01
   3.7141543e-01   4.5551794e-01   1.6534556e-01   4.1587170e-01   4.1360581e-01
   3.9423264e-01   4.5356910e-01   1.6204082e-01   4.1296139e-01   4.1921677e-01
   3.8440943e-01   4.4645729e-01   1.6666923e-01   4.0844057e-01   3.9618752e-01
   2.7794820e-01   2.6901314e-01   7.1997645e-02   2.9344177e-01   3.0384003e-01
   1.9035275e-01   3.1694158e-01   6.9827842e-02   2.8090042e-01   2.9720253e-01
   3.0759282e-01   4.6712509e-01   9.8899681e-02   4.1063790e-01   4.3486009e-01
   2.3136391e-01   3.1242530e-01   1.2911443e-01   2.8031206e-01   2.9572863e-01
   2.8471251e-01   4.5231547e-01   1.5694789e-01   4.2272965e-01   4.1115588e-01
   3.6145845e-01   4.0040863e-01   1.4264538e-01   3.8516864e-01   3.7541576e-01
   3.9903640e-01   4.5726335e-01   1.7041569e-01   4.1547305e-01   4.1650094e-01
   3.9540423e-01   4.4489902e-01   1.5255272e-01   3.9726740e-01   3.7555065e-01
   3.2821756e-01   4.5212081e-01   1.2259934e-01   4.2026510e-01   4.2061177e-01
   3.7832726e-01   2.7748824e-01   1.4598044e-01   2.6041690e-01   2.8820756e-01
   3.0959433e-01   4.4159131e-01   1.5413053e-01   3.8991089e-01   3.7600039e-01
   3.0635428e-01   3.9627854e-01   1.5557641e-01   3.6016712e-01   3.6419757e-01
   2.8848798e-01   4.3396038e-01   1.3845036e-01   3.4331094e-01   3.3739015e-01
   3.4096897e-01   4.1668940e-01   1.6312402e-01   3.8879887e-01   3.9671265e-01
   2.8870944e-01   4.2908522e-01   1.5828147e-01   3.2672684e-01   3.0835118e-01
   2.9034915e-01   3.9713830e-01   1.5722110e-01   3.6057923e-01   3.6176856e-01
   3.6996874e-01   4.5097866e-01   1.7101478e-01   4.0126421e-01   4.0974813e-01
   2.4965470e-01   3.9145088e-01   1.5435737e-01   3.0476636e-01   3.3507008e-01
   3.6799553e-01   4.2522784e-01   1.7172806e-01   4.0366207e-01   4.0023412e-01
   3.9984667e-01   4.3752897e-01   1.7336791e-01   4.1063790e-01   4.1136371e-01
   3.3930836e-01   4.2655296e-01   1.6235110e-01   3.9557543e-01   4.0420133e-01
   3.2465365e-01   3.9456987e-01   1.5016725e-01   3.7626896e-01   3.8070890e-01
   4.0877694e-01   4.2763783e-01   1.7298107e-01   4.0655141e-01   4.0829584e-01
   3.2578538e-01   4.3674111e-01   1.6556163e-01   3.9735810e-01   3.9710092e-01
   4.0644278e-01   4.3035600e-01   1.6213332e-01   3.9862859e-01   4.0686819e-01
   3.8993505e-01   4.7177619e-01   1.6566002e-01   4.1599439e-01   3.9824356e-01
   3.9418516e-01   4.7023350e-01   1.7145742e-01   3.9735810e-01   4.1517994e-01
   3.7277014e-01   4.4928907e-01   1.7804889e-01   4.1195199e-01   4.1196430e-01
   3.9337834e-01   4.4118167e-01   1.5203015e-01   4.0920311e-01   4.0245703e-01
   3.8550961e-01   4.1475699e-01   1.7649933e-01   3.8753769e-01   3.8253806e-01
   3.5908026e-01   4.6880522e-01   1.3885606e-01   3.9213769e-01   3.9500104e-01
   3.7906259e-01   4.6970375e-01   1.3913739e-01   3.7737084e-01   3.9801496e-01
   3.3163802e-01   4.5642363e-01   1.5131751e-01   4.0430021e-01   4.0117324e-01
   3.3470159e-01   4.4712076e-01   1.5081242e-01   4.1989584e-01   4.1406859e-01
   3.8547816e-01   4.3269002e-01   9.6905742e-02   3.5910792e-01   3.5361995e-01
   3.7283246e-01   4.4645193e-01   1.0835909e-01   3.1542385e-01   3.3971373e-01
   3.0242085e-01   2.6380983e-01   9.5691180e-02   1.4272980e-01   1.4754233e-01
   3.0793619e-01   2.1806050e-01   9.1496361e-02   1.5194803e-01   1.5249035e-01
   3.7406379e-01   4.3874638e-01   8.3205043e-02   2.6025059e-01   2.9607029e-01
   3.6006812e-01   4.3982532e-01   7.9485956e-02   3.0468115e-01   3.1613469e-01
   3.7946954e-01   4.4462714e-01   1.0324663e-01   2.7569572e-01   2.8309100e-01
   3.5969760e-01   4.3299245e-01   1.2119890e-01   2.6288556e-01   2.6100463e-01
   3.7646722e-01   3.5236056e-01   1.2037220e-01   3.1745485e-01   2.6366751e-01
   2.6646142e-01   3.4931816e-01   1.2610351e-01   2.9304675e-01   2.6805772e-01
   3.1577840e-01   3.3238588e-01   7.8577310e-02   1.9081466e-01   1.6190620e-01
   2.2743797e-01   3.1739681e-01   1.0341740e-01   1.9563014e-01   1.7833747e-01
   4.1965628e-01   4.4924154e-01   1.4272201e-01   4.2621911e-01   4.2356965e-01
   3.7920344e-01   4.6678072e-01   1.5980046e-01   4.0691684e-01   4.2077462e-01
   3.2115789e-01   3.0169481e-01   1.2090554e-01   2.1210937e-01   2.4940947e-01
   3.0741370e-01   3.9012241e-01   1.3174183e-01   2.3625114e-01   2.8959006e-01
   3.5107854e-01   3.5847220e-01   1.2770409e-01   2.3970583e-01   2.9233697e-01
   2.8321043e-01   3.4815681e-01   1.2927096e-01   2.3688134e-01   2.8065458e-01
   3.9632323e-01   4.6279921e-01   1.4934944e-01   4.3553114e-01   4.3568398e-01
   4.1315288e-01   3.9599812e-01   1.4812884e-01   4.2183569e-01   4.2632419e-01
   3.0578754e-01   3.8631924e-01   1.0702776e-01   2.7779262e-01   3.1481689e-01
   3.3685882e-01   4.2384614e-01   1.2523385e-01   3.3985206e-01   3.5541451e-01
   3.9719528e-01   4.1459382e-01   1.2006746e-01   3.3695148e-01   3.7003066e-01
   3.4249406e-01   4.5524031e-01   1.3428121e-01   3.8361152e-01   4.1970484e-01
   4.0658654e-01   4.5803830e-01   1.5457653e-01   4.1470678e-01   4.2228782e-01
   4.0946520e-01   4.7505403e-01   1.6023955e-01   4.3049390e-01   4.3196908e-01
   3.5732229e-01   4.2946327e-01   9.6890582e-02   2.6488497e-01   3.0319657e-01
   2.4423734e-01   4.2907358e-01   1.1528410e-01   2.6369063e-01   3.0493449e-01
